,alias,x,g1,g2,y,g1hat,g2hat,yhat
0,C7H14O-E1,"[1.08014899e+00 2.41187022e+02 4.76946837e+04 5.60000000e+01
 9.51484375e+00 5.91210938e+00 2.15390625e+00 1.10000000e+01
 1.56265625e+00 3.97460938e+00]",1.0068032536614513,0.9658088100380342,8989682.34,1.0088675153983702,0.9652115264117754,9013768.167360319
1,C9H22O3SSI,"[1.20534033e+00 3.42220322e+02 6.53720428e+04 5.20000000e+01
 7.84140625e+00 5.58007812e+00 2.64609375e+00 8.00000000e+00
 1.33484375e+00 4.24023438e+00]",1.807646938890639,1.5886494479209994,20352159.2,1.8107017524089986,1.5874021644274845,20436087.544655014
2,C6H10O-D2,"[1.27210383e+00 1.78234848e+02 4.20001451e+04 6.80000000e+01
 6.35078125e+00 5.89257812e+00 3.14921875e+00 1.90000000e+01
 1.37140625e+00 5.27929688e+00]",2.4015130186202263,1.8499876759517322,7816127.84,2.4088614670695434,1.8484367386351739,7834420.648700162
3,C13H26O2,"[9.64360261e-01 4.19412441e+02 7.54827326e+04 7.20000000e+01
 6.43515625e+00 4.81835938e+00 6.15703125e+00 1.30000000e+01
 1.04234375e+00 4.11132812e+00]",0.5088342511932641,-0.15323495549255395,50431371.9,0.5094770534939829,-0.15281061640451077,50395517.49298765
4,C9H8O2,"[1.14349746e+00 3.73529759e+02 1.13407141e+05 6.00000000e+01
 1.83671875e+00 5.58398438e+00 6.98828125e+00 9.00000000e+00
 9.57968750e-01 4.36523438e+00]",2.162136790408939,2.0849250890920947,44798852.9,2.161127941821749,2.083113504059674,44768625.38509555
5,C4H10O-1,"[8.02764314e-01 2.09812092e+02 5.35352991e+04 5.20000000e+01
 5.63359375e+00 3.89648438e+00 7.34921875e+00 1.60000000e+01
 7.77968750e-01 4.90039062e+00]",-0.03603661136776499,-0.15133241169485642,11320916.1,-0.03484948253060294,-0.15090997324996774,11324133.077403244
6,C7H6CL2,"[9.87822610e-01 1.90341544e+02 5.30900235e+04 4.60000000e+01
 3.91796875e+00 4.36523438e+00 6.52890625e+00 1.30000000e+01
 1.32359375e+00 4.84570312e+00]",0.2742322065016131,0.22712076340023057,16846327.8,0.2751121439963876,0.2271651267451242,16844026.52307976
7,C9H7N-D1,"[9.35588272e-01 1.93627144e+02 6.02984405e+04 7.50000000e+01
 9.36015625e+00 4.94335938e+00 5.64296875e+00 1.80000000e+01
 1.69484375e+00 4.63476562e+00]",0.23876857639625576,0.2387687386875292,20960319.5,0.2396811734195473,0.2388014656934745,20953906.70377175
8,C4H10S,"[3.32533881e+01 1.67577691e+02 3.56232007e+04 7.20000000e+01
 3.07421875e+00 3.96679688e+00 1.42109375e+00 1.20000000e+01
 4.99531250e-01 3.77148438e+00]",1.03990775522222,-0.2935650650641947,4517618.3,1.0400089093966987,-0.29300053605649934,4527597.09975438
9,C6H13N-N3,"[9.07091005e-01 1.87204995e+02 3.63040836e+04 5.20000000e+01
 1.02109375e+00 5.31054688e+00 3.54296875e+00 8.00000000e+00
 3.78593750e-01 4.74804688e+00]",-0.09417180588232178,-0.8036432839365023,4847949.44,-0.09317248495620056,-0.802569186354405,4856822.744588627
10,C7H16-8,"[7.82672615e-01 2.16684043e+02 3.51441445e+04 7.70000000e+01
 8.43203125e+00 4.36132812e+00 7.13046875e+00 1.00000000e+01
 1.63015625e+00 4.92382812e+00]",-1.212031674426816,-1.540743525818477,14006653.4,-1.2097850269530157,-1.5389330642825554,14007214.498170624
11,C5H10O2S,"[1.31425912e+00 1.91500320e+02 6.79582877e+04 7.50000000e+01
 2.73671875e+00 5.54101562e+00 1.77109375e+00 1.60000000e+01
 1.73421875e+00 3.98242188e+00]",2.2199279568639407,2.2199279568639407,9622954.41,2.2188820334931756,2.2179815038317474,9627867.743678031
12,C3H4CL2,"[1.25513860e+00 1.66426458e+02 3.83027832e+04 7.00000000e+01
 7.12421875e+00 5.15429688e+00 2.66796875e+00 1.80000000e+01
 6.51406250e-01 5.48632812e+00]",1.393235970870444,0.49272764940938085,6234812.73,1.3952157194868278,0.49245354498479843,6244855.0041865595
13,C5H6,"[1.03091766e+00 8.89796087e+01 2.60457646e+04 8.00000000e+01
 1.06328125e+00 5.13476562e+00 7.92890625e+00 1.40000000e+01
 1.58515625e+00 4.54882812e+00]",-3.5009182799508354,-0.9906389527194106,4371386.99,-3.496536810738764,-0.9893780462444591,4380672.269977238
14,C5H8-E2,"[1.02945880e+00 1.63334593e+02 2.58548910e+04 7.20000000e+01
 9.83828125e+00 5.01757812e+00 5.59921875e+00 1.70000000e+01
 8.96093750e-01 5.76757812e+00]",-0.23650946365096054,-1.4733858622342668,6973878.79,-0.23538623849186657,-1.471642691071556,6981332.725326533
15,C9H12-5,"[1.03542232e+00 2.15880735e+02 4.69960769e+04 6.60000000e+01
 2.42734375e+00 5.69335938e+00 2.03359375e+00 1.00000000e+01
 6.76718750e-01 5.38476562e+00]",0.3707473699094079,0.29376255848574234,6484714.04,0.371895174077047,0.2937640921311193,6493199.6365441615
16,C8H16O-D3,"[1.06168026e+00 2.68938016e+02 5.18525088e+04 5.00000000e+01
 1.17578125e+00 3.74804688e+00 6.94453125e+00 1.40000000e+01
 4.96718750e-01 4.72070312e+00]",0.9946247517052731,-0.06840345135511823,15518441.5,0.9947825355246075,-0.068063859024455,15517465.129733473
17,C13H12,"[1.05602654e+00 2.58196094e+02 6.74295934e+04 5.60000000e+01
 5.61953125e+00 4.03320312e+00 7.29453125e+00 1.00000000e+01
 1.54015625e+00 4.34179688e+00]",1.1193896163629693,1.090036288995814,40991551.6,1.1194224732443565,1.0892185988685843,40965127.58289775
18,C6H15NO-D1,"[8.55016514e-01 2.35142300e+02 5.13817140e+04 4.00000000e+01
 3.15859375e+00 4.37304688e+00 1.19140625e+00 1.10000000e+01
 5.64218750e-01 4.97070312e+00]",0.21229755731489444,0.2121087274065876,4981557.4,0.2132137617377925,0.21216808779043572,4991122.863656104
19,C7H16-1,"[7.82628965e-01 2.24586696e+02 3.66190767e+04 7.70000000e+01
 1.04921875e+00 5.71679688e+00 1.21328125e+00 1.80000000e+01
 6.03593750e-01 4.79101562e+00]",-0.23981957141580737,-0.24004525248248315,3521032.28,-0.2384308686418657,-0.23953418982102337,3532041.003945373
20,C10H15N-E2,"[1.05186883e+00 2.87824073e+02 6.56201674e+04 6.40000000e+01
 7.92578125e+00 5.29882812e+00 5.86171875e+00 1.30000000e+01
 1.77359375e+00 5.08007812e+00]",1.2973478133577279,1.2396412703000477,30033099.0,1.2966448198585603,1.2387011180560374,30020813.11816006
21,C9H20O-D2,"[8.57905708e-01 3.59812821e+02 7.85216554e+04 7.10000000e+01
 5.84453125e+00 4.95898438e+00 3.82734375e+00 1.20000000e+01
 9.52343750e-01 5.39648438e+00]",0.22886369835608528,0.18914249321469728,19405575.4,0.2297852008600385,0.1892247968894466,19400717.33520084
22,C9H20O-D5,"[8.57908224e-01 3.17122181e+02 6.99485830e+04 4.00000000e+01
 5.08515625e+00 5.22460938e+00 4.74609375e+00 1.70000000e+01
 3.27968750e-01 5.61523438e+00]",0.11425240987540415,-0.3300407051545093,18209781.3,0.11528939983019337,-0.32943973694592465,18206116.29418646
23,C12H16-D4,"[1.04102578e+00 2.65728542e+02 5.96191328e+04 6.70000000e+01
 2.83515625e+00 5.66992188e+00 4.48359375e+00 2.00000000e+01
 9.77656250e-01 4.03320312e+00]",0.737468472411333,0.19073998353395902,22352383.6,0.7378753125646655,0.19082069131428347,22344589.613562174
24,C6H15N3,"[1.24989831e+00 2.04487223e+02 6.01329271e+04 5.80000000e+01
 8.24921875e+00 4.50585938e+00 7.11953125e+00 1.10000000e+01
 6.85156250e-01 4.78710938e+00]",3.110800447209512,0.9160032651812161,31202825.5,3.104692477262126,0.9156348556865023,31148341.86713172
25,C5H8O2-D1,"[1.47337951e+00 1.63250625e+02 4.21432699e+04 5.80000000e+01
 6.63203125e+00 5.46679688e+00 2.49296875e+00 2.00000000e+01
 8.51093750e-01 5.50195312e+00]",4.359374621482331,4.359395078040205,6640343.68,4.356164725221405,4.355311295216627,6648007.887506624
26,C7H14O2-D4,"[1.11104101e+00 2.61817832e+02 4.65005932e+04 7.00000000e+01
 5.29609375e+00 5.18945312e+00 7.54609375e+00 9.00000000e+00
 4.62968750e-01 5.21289062e+00]",1.804979392706983,-0.5921491917692273,16448391.2,1.8035216520528974,-0.5912863319027237,16444628.480310002
27,C12H8,"[1.05725743e+00 2.00362596e+02 6.53424694e+04 6.20000000e+01
 3.59453125e+00 4.92382812e+00 5.12890625e+00 1.00000000e+01
 6.26093750e-01 5.13085938e+00]",0.7776570498646623,0.7697320272564415,21457141.8,0.7780328937199881,0.7692343214066737,21450232.659925092
28,C2H4CL2-2,"[1.63285100e+00 1.31157543e+02 3.50527574e+04 4.90000000e+01
 9.16328125e+00 4.82226562e+00 1.04921875e+00 1.90000000e+01
 1.01140625e+00 5.68164062e+00]",1.3161410179863058,1.3154336580359591,5625880.77,1.3159779397265252,1.314390795711886,5634786.65693018
29,C4H8OS,"[5.09858991e+01 1.73503986e+02 5.03842579e+04 4.60000000e+01
 7.67265625e+00 5.37304688e+00 6.82421875e+00 1.80000000e+01
 1.07609375e+00 5.53710938e+00]",11.37803353871341,-1.2724651858055946,15199870.3,11.369572126059422,-1.27092265927904,15196566.709232356
30,C6H14O-D6,"[8.34564191e-01 2.68423814e+02 4.84123785e+04 6.10000000e+01
 4.78984375e+00 5.16210938e+00 7.10859375e+00 1.50000000e+01
 6.09218750e-01 4.93945312e+00]",0.06630912553883715,-0.7469152527098206,12370154.9,0.06759330515422435,-0.7454635213193334,12361334.943940246
31,C6H8N2-D4,"[1.19660009e+00 1.97710462e+02 7.35371635e+04 5.70000000e+01
 8.50234375e+00 4.31835938e+00 6.55078125e+00 1.00000000e+01
 1.85796875e+00 4.70898438e+00]",2.071219749946406,2.071219749946406,27517625.0,2.0703017275734643,2.0694218565614833,27504661.449031617
32,C6H14O3-D1,"[1.18010087e+00 2.67502530e+02 5.28457083e+04 7.10000000e+01
 7.34921875e+00 5.81835938e+00 3.58671875e+00 1.60000000e+01
 1.39390625e+00 4.72851562e+00]",1.737225763901556,1.682145131602491,11247422.7,1.7366340564510772,1.68073592414998,11250710.56772254
33,C5H8O4-D1,"[1.49294802e+00 2.08419676e+02 5.82553447e+04 7.10000000e+01
 1.00703125e+00 4.49804688e+00 4.33046875e+00 1.70000000e+01
 1.84671875e+00 4.94335938e+00]",3.314667475358161,3.3104234962495123,9761778.61,3.312511759389288,3.3073876370840662,9766553.234494023
34,C10H20O,"[1.05464181e+00 3.05575330e+02 5.93691678e+04 6.30000000e+01
 6.23828125e+00 5.48242188e+00 6.16796875e+00 1.00000000e+01
 1.22515625e+00 5.07226562e+00]",1.5476346899921205,0.3479991827219431,32791227.2,1.5473022583158633,0.34792222449693516,32777418.973444972
35,C7H6O2,"[1.09154949e+00 1.74655970e+02 7.64116738e+04 7.40000000e+01
 8.54453125e+00 5.68164062e+00 6.49609375e+00 1.80000000e+01
 1.92265625e+00 4.15820312e+00]",2.0535083971724952,2.0535084070959813,21014663.8,2.0524755357543096,2.0517314481527182,21008225.98845962
36,C7H16O2-D1,"[9.09984520e-01 2.53863154e+02 4.86839316e+04 7.10000000e+01
 4.43828125e+00 4.73632812e+00 5.01953125e+00 1.60000000e+01
 1.57109375e+00 5.70117188e+00]",0.447982893857393,0.4211378237072271,13699976.0,0.44869796320514443,0.4209883638150508,13700827.280335106
37,C6H8O,"[1.24657181e+00 1.57931263e+02 4.79106675e+04 5.80000000e+01
 5.38046875e+00 4.57617188e+00 1.94609375e+00 1.60000000e+01
 4.74218750e-01 3.72460938e+00]",1.3270717838891588,1.3173459568276682,6852452.98,1.3268971660767497,1.3163011841151917,6860133.956524121
38,C4H6O2-1,"[1.45392504e+00 1.49678870e+02 3.48186339e+04 4.70000000e+01
 4.88828125e+00 3.56054688e+00 6.48515625e+00 9.00000000e+00
 1.38265625e+00 3.90429688e+00]",3.126052162363779,0.6680381407311431,7056414.79,3.1211866504081085,0.6676126942540639,7057775.347814004
39,C4H6O2-2,"[1.29805565e+00 1.47191705e+02 3.49867589e+04 4.30000000e+01
 2.35703125e+00 5.16992188e+00 6.50703125e+00 2.00000000e+01
 6.65468750e-01 3.99414062e+00]",1.569069803740071,-0.4877710784548472,5392343.59,1.5690916491764222,-0.4869988434595378,5398596.384140193
40,C16H32-2,"[8.53140500e-01 4.59335390e+02 7.84808050e+04 6.00000000e+01
 3.51015625e+00 5.31445312e+00 7.09765625e+00 1.50000000e+01
 1.09015625e+00 5.14648438e+00]",-0.703656183278428,-1.073266845885408,70735594.9,-0.7009305367377738,-1.0719441630330437,70608335.23482212
41,C8H16-D3,"[8.53785122e-01 2.35892903e+02 3.99523920e+04 5.40000000e+01
 9.55703125e+00 4.17773438e+00 7.97265625e+00 1.00000000e+01
 1.27859375e+00 4.35351562e+00]",-0.444001642988807,-1.0320451982174141,17289302.0,-0.44148691965985365,-1.0307445216221822,17278620.13004746
42,C8H18-15,"[7.87232202e-01 2.45563019e+02 3.76701376e+04 5.80000000e+01
 6.49140625e+00 4.92773438e+00 6.01484375e+00 1.70000000e+01
 1.51765625e+00 5.06054688e+00]",-0.9700971579170333,-1.2367829570116893,12844596.0,-0.9679770831996828,-1.2352761523876632,12846290.793688994
43,C12H22S,"[4.08703744e+00 2.85854994e+02 6.49454886e+04 7.50000000e+01
 7.51796875e+00 4.72070312e+00 7.88515625e+00 1.40000000e+01
 1.92828125e+00 4.15039062e+00]",2.899848819016533,0.8365948179477515,60631615.6,2.898080264255612,0.8360303161032869,60585659.9139691
44,C9H12O,"[1.05938770e+00 2.14926021e+02 5.10647535e+04 5.20000000e+01
 7.40546875e+00 5.72851562e+00 3.78359375e+00 1.20000000e+01
 6.93593750e-01 5.68554688e+00]",0.8341808823868947,0.5406952380522625,12432036.4,0.8346266839026937,0.5404338235167967,12435499.7106591
45,C7H12O2-D1,"[1.16377838e+00 2.63611086e+02 4.86322889e+04 4.30000000e+01
 4.76171875e+00 5.62695312e+00 3.19296875e+00 1.40000000e+01
 1.97046875e+00 5.22070312e+00]",1.1359875670011157,1.0973489436362036,9121007.91,1.1411916658976053,1.0964439824997396,9168473.602521747
46,C10H20-D2,"[8.48710487e-01 2.86585564e+02 5.10625760e+04 6.70000000e+01
 4.59296875e+00 4.08789062e+00 6.71484375e+00 1.40000000e+01
 3.44843750e-01 3.95898438e+00]",-0.5851033204826482,-1.4646908052254874,18389429.1,-0.5833677542185083,-1.462956320433415,18385584.627815627
47,C5H5N,"[8.21083591e-01 1.32615993e+02 4.02178032e+04 6.60000000e+01
 3.24296875e+00 4.56445312e+00 4.30859375e+00 1.20000000e+01
 1.12109375e+00 5.23632812e+00]",-0.4014249730371049,-0.3934826478901368,6317155.0,-0.39991722353812764,-0.3928183011173808,6325267.049645689
48,C8H12S,"[9.69950313e-01 1.92620909e+02 5.06181226e+04 6.00000000e+01
 5.68984375e+00 4.51367188e+00 5.46796875e+00 1.40000000e+01
 1.77921875e+00 3.92773438e+00]",0.37009677302335303,0.24024281768225542,15412954.4,0.36904414501106186,0.2402015128189321,15400243.0434322
49,C14H22-D2,"[8.60083355e-01 3.42177614e+02 6.23334035e+04 4.10000000e+01
 7.95390625e+00 4.12304688e+00 2.89765625e+00 8.00000000e+00
 1.78765625e+00 5.54882812e+00]",-0.13825897711490137,-0.14504234091424031,20480990.0,-0.13723525562981753,-0.14462618626416202,20476035.94348182
50,C6H14O-D4,"[8.33812949e-01 2.22731681e+02 4.97981805e+04 6.30000000e+01
 5.95703125e+00 5.26367188e+00 5.80703125e+00 8.00000000e+00
 2.07031250e-01 5.12304688e+00]",0.13945839232192256,-0.8200724263707336,10595732.4,0.1404709054522808,-0.8189819159831117,10599667.124730991
51,C2H6O-2,"[7.39623537e-01 1.20041187e+02 4.25627816e+04 5.90000000e+01
 7.75703125e+00 4.20507812e+00 6.09140625e+00 1.10000000e+01
 1.17453125e+00 5.73242188e+00]",-0.027136037045269353,-0.0036438640318527666,7821765.79,-0.025957740539843677,-0.003368966593620404,7828478.421009589
52,C11H24-N45,"[7.96145961e-01 3.13314549e+02 5.23997582e+04 5.20000000e+01
 6.30859375e+00 3.98242188e+00 7.26171875e+00 1.50000000e+01
 1.83828125e+00 3.56054688e+00]",-1.0739933262040926,-1.2019213070941153,27060663.6,-1.071766219740374,-1.2004493292931833,27048168.34403584
53,C4H12N2O,"[1.08610112e+00 2.66872663e+02 9.05927459e+04 7.10000000e+01
 6.75859375e+00 4.43554688e+00 5.31484375e+00 8.00000000e+00
 8.31406250e-01 5.12695312e+00]",1.805605764056779,1.8050368403406054,21954046.3,1.8049951229963357,1.803504863949505,21947889.35097625
54,C3H6O-4,"[1.17848110e+00 1.25302411e+02 2.77556506e+04 5.70000000e+01
 2.23046875e+00 4.22070312e+00 7.30546875e+00 1.50000000e+01
 5.10781250e-01 5.72851562e+00]",-1.026135776711091,-1.3322623210894355,4084489.69,-1.0221621712436677,-1.3306825553647328,4092257.7781939823
55,C8H6S,"[1.17674795e+00 1.98297267e+02 5.54555703e+04 4.90000000e+01
 1.44296875e+00 3.83789062e+00 5.85078125e+00 1.00000000e+01
 1.90015625e+00 3.90039062e+00]",1.2550067376080722,1.2541705769621356,16834264.3,1.2549041128498155,1.253188916517257,16831973.437043604
56,C3H6CL2-D1,"[9.96339361e-01 1.53683934e+02 3.52440608e+04 4.90000000e+01
 5.56328125e+00 5.61132812e+00 4.39609375e+00 1.00000000e+01
 9.72031250e-01 3.56445312e+00]",0.295509354758397,-0.637273045720128,5887957.65,0.29628608741806983,-0.6363651521090317,5896057.1975818835
57,C4H7NO-E2,"[1.47646357e+00 1.50766005e+02 4.83881979e+04 4.70000000e+01
 3.01796875e+00 4.18164062e+00 1.45390625e+00 1.30000000e+01
 1.95359375e+00 4.82226562e+00]",1.3238564513666102,1.323862710306341,5371793.55,1.3236848681723914,1.3228114273506288,5380953.323203005
58,CH3NO2,"[1.15483700e+00 1.01995514e+02 3.82476524e+04 6.00000000e+01
 5.19765625e+00 4.11132812e+00 3.69609375e+00 1.80000000e+01
 2.60468750e-01 5.45898438e+00]",1.6869333294142064,1.4337027205553665,5643323.12,1.68631209491372,1.4325430145838278,5649109.56519383
59,C8H16-D3,"[8.53785122e-01 2.35892903e+02 3.99523920e+04 7.70000000e+01
 1.24609375e+00 5.99804688e+00 3.05078125e+00 1.30000000e+01
 8.25781250e-01 5.84179688e+00]",-0.3018954957948136,-0.6052031772338448,7209974.64,-0.3052926740965245,-0.6043722516699188,7244968.602701949
60,C10H20O2-D5,"[1.01495260e+00 2.97997669e+02 5.71116296e+04 7.70000000e+01
 4.91640625e+00 4.25976562e+00 7.63359375e+00 1.50000000e+01
 1.72296875e+00 5.56445312e+00]",1.2645331548070604,0.8675058770228612,41129128.8,1.2643443207804512,0.8669107172924058,41108484.054282136
61,C8H10O-3,"[1.24829163e+00 1.97173611e+02 6.23937307e+04 4.00000000e+01
 9.88046875e+00 4.47460938e+00 2.41640625e+00 1.10000000e+01
 1.71734375e+00 5.32226562e+00]",1.7586978173727983,1.7532996489761326,13399699.2,1.7580427747371596,1.7518193580896817,13400790.536678314
62,C5H12O-3,"[8.20606352e-01 2.36452725e+02 5.63384032e+04 7.10000000e+01
 1.41484375e+00 4.54101562e+00 1.83671875e+00 1.10000000e+01
 6.71093750e-01 4.08398438e+00]",0.07167490882591535,0.07157393543670551,4736153.66,0.0727495302546437,0.07177369021812613,4745945.571286291
63,C5H12S,"[1.11689077e+00 1.97424868e+02 4.12418424e+04 6.90000000e+01
 3.36953125e+00 4.31445312e+00 7.61171875e+00 1.10000000e+01
 5.83906250e-01 4.72460938e+00]",1.2892609203041623,-0.600061852606929,12395424.6,1.2880357695052318,-0.5991848009873512,12392298.585943775
64,C10H20O2-D2,"[1.04148090e+00 3.40594826e+02 5.87066746e+04 5.40000000e+01
 7.82734375e+00 3.65429688e+00 2.55859375e+00 1.10000000e+01
 1.85515625e+00 5.18554688e+00]",0.8832747217782005,0.8771461866661808,15894635.8,0.8825858095874308,0.8764015374828693,15886190.859063357
65,C13H26O2-D2,"[8.99932307e-01 4.68094100e+02 1.05398085e+05 4.80000000e+01
 7.65859375e+00 3.66992188e+00 3.65234375e+00 1.00000000e+01
 1.82703125e+00 3.93945312e+00]",0.1711794200209551,0.17099838970372497,41130961.5,0.17215953983575083,0.1710988193560077,41104398.21226838
66,C12H24-1,"[8.00582265e-01 3.09855988e+02 5.87510598e+04 4.90000000e+01
 3.20078125e+00 3.60351562e+00 3.40078125e+00 1.40000000e+01
 1.12671875e+00 4.24414062e+00]",-0.5829844206959565,-0.5832826597308651,17390787.9,-0.5812572013314243,-0.5824287025566697,17387938.964527547
67,C8H18,"[7.85293852e-01 2.54312771e+02 3.70168522e+04 7.80000000e+01
 1.85078125e+00 3.97070312e+00 5.89453125e+00 1.20000000e+01
 1.14921875e+00 4.15429688e+00]",-1.0520277620419571,-1.3902585939915715,10298359.5,-1.050605743413141,-1.3886018721672282,10298658.091568256
68,C6H4CLNO2-D1,"[2.99371700e+00 1.76327299e+02 5.67438268e+04 5.70000000e+01
 2.93359375e+00 5.86132812e+00 1.71640625e+00 2.00000000e+01
 3.11093750e-01 4.49023438e+00]",7.055305837324542,3.274128644773212,6889300.44,7.048419887041588,3.2711291644674887,6897215.131183509
69,C5H10O2-3,"[1.19039891e+00 2.07338349e+02 3.97204078e+04 7.90000000e+01
 4.71953125e+00 4.75585938e+00 6.97734375e+00 1.30000000e+01
 1.78484375e+00 5.88867188e+00]",2.415913474172516,0.6881566994576753,11462523.5,2.414650983342918,0.6877404874418722,11465598.972210295
70,C4H6O2-N1,"[1.55722735e+00 1.60859221e+02 3.92751761e+04 5.40000000e+01
 7.99609375e+00 4.42382812e+00 4.19921875e+00 1.50000000e+01
 6.96406250e-01 3.94335938e+00]",4.06852946493639,2.8190830485493907,7800910.21,4.0655123505683814,2.8165380389821033,7807105.1708997665
71,C9H20O4,"[9.42941980e-01 3.55778839e+02 9.17119126e+04 4.70000000e+01
 2.80703125e+00 5.06054688e+00 7.42578125e+00 1.40000000e+01
 1.06765625e+00 5.62695312e+00]",0.7063638891790409,0.6452372292614711,51316107.5,0.7068093591744979,0.6448638938392706,51279369.24123941
72,C9H20-D2,"[7.90736044e-01 2.73156467e+02 4.46941047e+04 6.60000000e+01
 7.81328125e+00 4.02539062e+00 3.12734375e+00 1.00000000e+01
 1.42765625e+00 3.70898438e+00]",-0.5377037200550229,-0.5546106974488944,11645631.9,-0.5360154836821847,-0.5537853835936619,11648524.485423997
73,C3H6O2-D1,"[1.12926873e+00 1.39311639e+02 4.84557506e+04 4.50000000e+01
 3.31328125e+00 3.79492188e+00 2.43828125e+00 1.10000000e+01
 1.56546875e+00 4.09960938e+00]",1.1473473329951767,1.1474320562002653,5455926.06,1.1492984283368046,1.1465803179644696,5465045.5155906025
74,C10H22-4,"[7.91901853e-01 2.87839559e+02 4.28846019e+04 5.40000000e+01
 5.91484375e+00 4.27929688e+00 7.84140625e+00 1.50000000e+01
 1.70890625e+00 4.77148438e+00]",-1.197410131956789,-1.4089882369891509,20873312.0,-1.1954038457440574,-1.408641821351552,20822231.048948642
75,C6H10-E2,"[1.01254661e+00 1.83639744e+02 3.25852694e+04 5.10000000e+01
 7.64453125e+00 4.38476562e+00 1.48671875e+00 1.00000000e+01
 1.18296875e+00 4.40820312e+00]",0.46631571639208136,0.3242974042884849,6521151.53,0.4667049141784454,0.3242446880103364,6528243.560009473
76,C7H16O-D3,"[8.43915410e-01 2.64153357e+02 6.00901257e+04 7.80000000e+01
 5.22578125e+00 4.97851562e+00 2.08828125e+00 1.70000000e+01
 7.63906250e-01 4.86523438e+00]",0.28250761643787753,0.28241185143625297,7895933.17,0.28311521568129605,0.2824009787725952,7902912.050943829
77,C8H9NO2-D1,"[3.00575788e+00 2.05567052e+02 6.81146217e+04 6.00000000e+01
 1.69609375e+00 3.56445312e+00 5.06328125e+00 2.00000000e+01
 1.45859375e+00 4.71679688e+00]",15.230204150561086,2.5745058294237992,25348620.7,15.216140289626093,2.5722051527426952,25337823.98649415
78,C6H15N3,"[1.24989831e+00 2.04487223e+02 6.01329271e+04 5.20000000e+01
 4.56484375e+00 4.45117188e+00 3.44453125e+00 1.70000000e+01
 8.65156250e-01 4.52929688e+00]",1.7891850809372525,1.7381745190516675,13824223.8,1.7936336837563727,1.7367822146564853,13867253.752758857
79,C6H12O2-5,"[1.08011586e+00 2.07175928e+02 4.22371639e+04 4.50000000e+01
 5.32421875e+00 3.75976562e+00 1.37734375e+00 9.00000000e+00
 8.14531250e-01 4.64648438e+00]",0.6489114433002141,0.6123698798910355,5943572.07,0.648979859551413,0.6120340766005226,5947076.159994997
80,C10H22O2,"[9.08104380e-01 3.07440267e+02 6.49012395e+04 6.30000000e+01
 5.36640625e+00 3.50976562e+00 6.11328125e+00 1.20000000e+01
 1.00296875e+00 3.74804688e+00]",0.3401688375012818,0.21014775998718674,33334422.9,0.3416381255445504,0.2102948938672406,33300126.65354387
81,O3S,"[6.67296506e-01 1.61720861e+02 4.32789389e+04 6.30000000e+01
 8.92421875e+00 3.86914062e+00 2.54765625e+00 1.30000000e+01
 1.20546875e+00 5.63867188e+00]",-0.3848450933621117,-1.2672056323293384,7340096.69,-0.38424202298354904,-1.2657419078319094,7341228.999223507
82,C4H8O2-D5,"[1.25439808e+00 1.96566972e+02 6.41303291e+04 5.10000000e+01
 1.63984375e+00 5.44726562e+00 2.63515625e+00 1.50000000e+01
 1.18859375e+00 5.58789062e+00]",1.3331645760884774,1.3331680586768968,5782564.5,1.3329838712764541,1.3321074796688666,5791314.296185236
83,C6H4CLNO2-D3,"[2.99371700e+00 1.92119181e+02 6.52701473e+04 4.70000000e+01
 8.72734375e+00 4.95507812e+00 2.27421875e+00 1.20000000e+01
 1.28140625e+00 4.39257812e+00]",6.095292627622746,5.16279311615716,11888738.7,6.090354430991122,5.157906737890908,11891388.468674116
84,C13H26O,"[1.00749746e+00 3.70542841e+02 7.10399239e+04 5.50000000e+01
 5.12734375e+00 4.27539062e+00 4.63671875e+00 1.70000000e+01
 2.23906250e-01 4.28320312e+00]",0.9254824921151108,-0.03379494006040876,34372813.1,0.925709062407335,-0.03348992166710285,34353001.20927137
85,C3H6O-2,"[9.58154109e-01 1.50183227e+02 4.56355220e+04 4.80000000e+01
 9.86640625e+00 4.16601562e+00 6.36484375e+00 1.50000000e+01
 6.45781250e-01 4.57617188e+00]",1.071414376166826,0.5138220374979512,9625337.63,1.0714951603610963,0.5135799859836063,9630248.491988659
86,C15H24,"[9.07826959e-01 3.72611761e+02 7.53692452e+04 6.80000000e+01
 4.01640625e+00 5.61914062e+00 6.22265625e+00 1.90000000e+01
 1.12390625e+00 4.29101562e+00]",-0.1277058459887383,-0.6609515252616205,50461926.0,-0.12642713949482243,-0.6600199768131686,50426041.06941123
87,C6H12O2-D5,"[8.67250055e-01 2.43429222e+02 6.24053577e+04 5.80000000e+01
 6.25234375e+00 4.44726562e+00 7.18515625e+00 1.00000000e+01
 1.14640625e+00 4.54101562e+00]",0.25795115585600525,0.2332093746954905,22036729.3,0.25860887368997665,0.23324786212443058,22024623.55362561
88,C6H14O-E2,"[9.12241195e-01 2.15119524e+02 3.44039853e+04 5.70000000e+01
 6.50546875e+00 3.56835938e+00 2.21953125e+00 1.30000000e+01
 4.17968750e-01 5.58398438e+00]",0.1892385314896707,-0.09198019795711439,6736304.18,0.1898796994184535,-0.09161705262494158,6743626.045316246
89,C5H8O3-D2,"[1.49938283e+00 2.04390902e+02 5.31550840e+04 6.80000000e+01
 3.04609375e+00 4.64648438e+00 6.66015625e+00 1.60000000e+01
 1.93953125e+00 3.77539062e+00]",7.530069614284544,3.7279711965255244,13869080.7,7.523537885317179,3.724518253936229,13868443.47181717
90,C7H14O-D3,"[8.36878694e-01 2.46198383e+02 5.14377980e+04 4.50000000e+01
 3.10234375e+00 4.05273438e+00 3.96953125e+00 9.00000000e+00
 5.24843750e-01 3.78320312e+00]",0.06233403957208144,0.005567290379673391,9681463.16,0.06345861332022129,0.005832988992476584,9685305.551293861
91,C9H16-D1,"[9.73278924e-01 2.75273910e+02 4.82092398e+04 6.90000000e+01
 3.97421875e+00 5.20117188e+00 3.07265625e+00 1.50000000e+01
 1.51203125e+00 4.43164062e+00]",0.22183911411698087,0.12922741068542906,9631888.38,0.22274018152499753,0.12936956969269273,9637047.800204685
92,C5H10O3-D1,"[1.30871688e+00 2.32048277e+02 4.47749334e+04 7.30000000e+01
 5.81640625e+00 4.60742188e+00 2.81015625e+00 1.50000000e+01
 5.02343750e-01 5.71679688e+00]",1.834536805942185,1.4669247951965314,7994416.16,1.833852950271938,1.465730593075095,8000956.257969058
93,C7H14O-D1,"[1.14029391e+00 2.07730861e+02 4.48884295e+04 6.10000000e+01
 3.72109375e+00 4.52539062e+00 7.03203125e+00 1.90000000e+01
 8.84843750e-01 3.97070312e+00]",2.1421066058002824,-0.035298604690146826,14169449.2,2.1410167857905424,-0.03499208413023874,14169099.457010733
94,C3H7NO,"[1.23540428e+00 1.43788141e+02 4.68904504e+04 4.40000000e+01
 2.34296875e+00 5.55664062e+00 6.60546875e+00 1.20000000e+01
 6.99218750e-01 5.29101562e+00]",3.689524353304325,2.1044508108314472,8843585.1,3.6811070289660446,2.1027653977976524,8850012.197795078
95,C14H18O4,"[1.18955415e+00 3.55482115e+02 8.88668080e+04 7.10000000e+01
 9.89453125e+00 4.60351562e+00 7.69921875e+00 9.00000000e+00
 8.00468750e-01 4.97851562e+00]",3.8021649764698306,1.5997270775439754,69445117.1,3.799517738086376,1.5984002058098041,69390267.9425381
96,C6H12-3,"[8.91806488e-01 1.80014870e+02 3.12858368e+04 5.80000000e+01
 5.21171875e+00 4.44335938e+00 3.91484375e+00 1.30000000e+01
 5.27656250e-01 4.16601562e+00]",-0.15789207185518064,-1.1813784933163047,6245885.64,-0.1565832092914008,-1.1799270378068591,6254172.577902743
97,C6H12O2-D4,"[8.67228077e-01 2.24597818e+02 6.22199855e+04 6.10000000e+01
 5.16953125e+00 3.87304688e+00 4.82265625e+00 8.00000000e+00
 1.24765625e+00 4.33398438e+00]",0.2491391133080298,0.2454950160705335,15579181.0,0.2500413513113502,0.2455210235186536,15578143.966514131
98,C2H4O2-D1,"[1.51142714e+00 1.59319390e+02 6.28479979e+04 6.90000000e+01
 2.06171875e+00 4.21289062e+00 5.13984375e+00 1.80000000e+01
 1.31515625e+00 4.21289062e+00]",1.7998448603259072,1.7998453778101153,7288871.59,1.8599131329458845,1.804344049620357,7308252.015537226
99,C9H14O,"[1.10661678e+00 2.31321427e+02 5.16064526e+04 6.70000000e+01
 7.63046875e+00 4.78320312e+00 4.43984375e+00 1.50000000e+01
 1.44453125e+00 5.33007812e+00]",1.5620605800993197,1.4624017476303428,22972449.0,1.5615665187417405,1.4612120640379356,22964318.147428036
100,C3H5N,"[1.39149107e+00 1.21253227e+02 3.64458455e+04 6.10000000e+01
 4.38203125e+00 3.72851562e+00 2.86484375e+00 1.40000000e+01
 5.78281250e-01 5.10742188e+00]",2.0029097718063937,1.5793530601167252,5357302.17,2.002059990596731,1.5780465420463177,5366476.803563239
101,C7H14O3-D2,"[1.23216344e+00 2.76090413e+02 5.42943632e+04 4.20000000e+01
 8.88203125e+00 3.61914062e+00 3.53203125e+00 1.40000000e+01
 1.17734375e+00 3.63867188e+00]",1.6968542029503964,1.6691502534841687,12714446.0,1.6963101721328988,1.6677540279278795,12716270.839641005
102,C2H2CL4-D1,"[1.23500575e+00 1.63134765e+02 4.17780973e+04 7.60000000e+01
 4.14296875e+00 5.12304688e+00 7.31640625e+00 1.60000000e+01
 1.66390625e+00 4.83398438e+00]",2.341423362253722,0.5968563160864668,11304498.7,2.3298018431213534,0.5962466548571932,11275898.508033913
103,C10H22-E3,"[7.93683492e-01 3.11990734e+02 4.97189057e+04 4.60000000e+01
 7.22265625e+00 5.73242188e+00 3.01796875e+00 1.80000000e+01
 8.79218750e-01 5.90429688e+00]",-0.4991131689887734,-0.5509251101904348,12767991.2,-0.49746348060032664,-0.5501034782405556,12769762.539828625
104,C8H10O-4,"[1.02798531e+00 1.93890885e+02 5.08781555e+04 6.50000000e+01
 2.68046875e+00 4.49023438e+00 1.95703125e+00 1.20000000e+01
 1.32640625e+00 3.62695312e+00]",0.3654399551127887,0.36544485513642416,6430404.45,0.3661670628279021,0.3653510325754874,6438560.2353433175
105,C6H12-7,"[8.61358201e-01 1.86407747e+02 3.15284577e+04 6.00000000e+01
 9.58515625e+00 3.54882812e+00 2.02265625e+00 1.10000000e+01
 1.94796875e+00 3.91210938e+00]",0.11869452719628747,0.0830213167943403,8344198.72,0.11393657099650678,0.08187524459665727,8347149.803838159
106,C10H12-D2,"[1.03521116e+00 2.24865346e+02 5.21748947e+04 5.30000000e+01
 6.81484375e+00 5.11523438e+00 5.30390625e+00 9.00000000e+00
 1.38546875e+00 4.53320312e+00]",0.8031801137526653,0.48978536704250164,16446532.4,0.803528864243044,0.4895673281859545,16444628.881599046
107,C8H10-3,"[1.08597803e+00 1.81360731e+02 4.23714123e+04 5.30000000e+01
 6.46328125e+00 4.24023438e+00 4.42890625e+00 1.20000000e+01
 1.59078125e+00 5.48242188e+00]",0.9621902185532887,0.7972303937861451,10834644.6,0.9623801178643832,0.7967052170407432,10838347.362999167
108,C5H8O2-D6,"[2.07490398e+00 1.98496209e+02 5.79961053e+04 4.10000000e+01
 1.89296875e+00 4.20117188e+00 7.06484375e+00 1.60000000e+01
 6.00781250e-01 4.56835938e+00]",7.715524183337261,1.3020909310813875,14307044.1,7.70869714299887,1.3010613981545878,14307349.538720015
109,C6H12O2-5,"[1.08011586e+00 2.07175928e+02 4.22371639e+04 5.90000000e+01
 2.75078125e+00 4.65429688e+00 1.86953125e+00 1.50000000e+01
 1.47546875e+00 5.66992188e+00]",0.5249312687312511,0.5196254806768178,5588947.75,0.5257097725967008,0.5193841726377569,5594425.882700255
110,C7H6O,"[1.55425141e+00 1.72403699e+02 5.01562887e+04 4.20000000e+01
 8.27734375e+00 5.92382812e+00 6.76953125e+00 1.00000000e+01
 1.63859375e+00 3.80664062e+00]",3.944662667063286,2.410268157008724,13706043.4,3.9391888055043704,2.409550572688094,13687029.827227712
111,C6H14O-D5,"[8.33852289e-01 3.35729348e+02 6.41059352e+04 4.40000000e+01
 8.38984375e+00 4.38085938e+00 7.15234375e+00 1.60000000e+01
 1.98734375e+00 3.85351562e+00]",0.19684679174963446,0.13147462577583677,18249985.5,0.19737786413386038,0.13161193794845286,18244648.402883895
112,C6H5NO2,"[3.01053416e+00 1.78246266e+02 5.49986829e+04 6.50000000e+01
 7.36328125e+00 4.35351562e+00 4.25390625e+00 1.00000000e+01
 1.62171875e+00 4.65429688e+00]",13.308089066340077,1.9055726182204389,18837302.5,13.295945400294404,1.9039402064855921,18833010.599880766
113,C8H11N-D1,"[8.08422415e-01 2.11934866e+02 4.95670388e+04 6.30000000e+01
 3.93203125e+00 5.84179688e+00 1.54140625e+00 2.00000000e+01
 8.48281250e-01 4.20117188e+00]",-0.22104679571786412,-0.22098968389244966,5833794.56,-0.21980681062749308,-0.22049765775693553,5842012.929109616
114,C9H20-1,"[7.90694048e-01 2.81844265e+02 4.65198053e+04 7.60000000e+01
 2.13203125e+00 5.59570312e+00 4.47265625e+00 1.20000000e+01
 1.76234375e+00 5.14257812e+00]",-0.8937696112327557,-0.9960736480615718,12471911.8,-0.8915680462337081,-0.9948073133108929,12473985.640052898
115,C4H10N2,"[1.41711743e+00 1.84545914e+02 4.98406454e+04 4.50000000e+01
 9.97890625e+00 3.74414062e+00 6.74765625e+00 9.00000000e+00
 3.92656250e-01 5.11523438e+00]",3.224081819537106,0.7923687653479097,14190219.5,3.2188920369976675,0.7921341633739523,14176621.547117729
116,C18H38,"[8.06154710e-01 5.58198803e+02 8.99125289e+04 4.70000000e+01
 4.74765625e+00 5.13867188e+00 7.44765625e+00 1.40000000e+01
 1.46984375e+00 4.46679688e+00]",-1.1059720678176503,-1.3121661475731277,90087343.2,-1.1037160723906283,-1.3105840350664222,90011872.43804261
117,C9H18O-D2,"[1.07726776e+00 2.84629021e+02 5.68924578e+04 4.80000000e+01
 1.72421875e+00 4.19726562e+00 6.73671875e+00 1.60000000e+01
 3.47656250e-01 4.62304688e+00]",1.3664914187941324,-0.24259986372103423,19114073.9,1.3662773456114872,-0.2420862490003951,19109505.500177115
118,C6H14O2-D4,"[7.88850646e-01 2.26214227e+02 6.76029192e+04 6.20000000e+01
 6.51953125e+00 3.57226562e+00 3.75078125e+00 1.90000000e+01
 1.44171875e+00 3.83398438e+00]",-0.014901963765301089,-0.014901779755085836,12540284.7,-0.01373594846220727,-0.014615635647799274,12542283.526953692
119,C4CL6,"[1.00350346e+00 2.12482369e+02 5.66745668e+04 7.30000000e+01
 2.76484375e+00 4.85742188e+00 6.63828125e+00 1.30000000e+01
 1.93671875e+00 4.33007812e+00]",0.5609996783712631,0.4014139319310048,25012890.5,0.5616438309160526,0.4012841762264171,25002623.1462345
120,C6H12O-1,"[8.23400858e-01 2.30865883e+02 6.24189966e+04 4.70000000e+01
 9.90859375e+00 3.90039062e+00 5.91640625e+00 1.90000000e+01
 1.37421875e+00 4.31445312e+00]",0.3008613071868573,0.2994715224405578,16159312.7,0.3015444520891888,0.2994503174729521,16149278.557241613
121,C8H10O-D5,"[1.13886487e+00 2.20102905e+02 6.38513830e+04 6.80000000e+01
 6.18203125e+00 3.93554688e+00 3.88203125e+00 1.20000000e+01
 5.38906250e-01 4.00585938e+00]",1.8649480602813215,1.8532787807693731,14052476.3,1.8641478835834575,1.8516986106303817,14052824.454326957
122,C5H12O-4,"[8.21949047e-01 2.55820988e+02 4.96644834e+04 7.70000000e+01
 3.34140625e+00 3.84960938e+00 2.58046875e+00 1.60000000e+01
 7.69531250e-01 4.23632812e+00]",0.1025604613226748,0.10271146630252903,6302028.12,0.10340102332228174,0.10288001826340096,6305587.428653976
123,C10H30SI4O3,"[8.79309077e-01 4.30451723e+02 5.44734467e+04 4.90000000e+01
 7.71484375e+00 3.80273438e+00 7.41484375e+00 1.20000000e+01
 1.64703125e+00 3.65429688e+00]",-0.37839555458553764,-0.6002504580940319,37261839.1,-0.3772785010403912,-0.5993824661887336,37237530.52837298
124,C14H30-N7,"[8.01583484e-01 3.98752120e+02 6.65712216e+04 7.50000000e+01
 9.05078125e+00 5.96679688e+00 4.29765625e+00 2.00000000e+01
 1.02546875e+00 5.74804688e+00]",-0.923990940654758,-1.0461552527374787,38508983.4,-0.9225690445854633,-1.0448389041066526,38492950.24982858
125,C3H7I-D1,"[1.64865994e+00 1.36118338e+02 3.39275021e+04 7.70000000e+01
 8.74140625e+00 4.93164062e+00 2.94140625e+00 1.70000000e+01
 1.56828125e+00 3.87695312e+00]",3.358764065502104,1.1452868488436,7418246.65,3.3565597850715125,1.1444139633518868,7425362.398082565
126,C2H2CL4-D1,"[1.23500575e+00 1.63134765e+02 4.17780973e+04 7.90000000e+01
 1.99140625e+00 4.11914062e+00 4.70234375e+00 1.90000000e+01
 4.20781250e-01 5.10351562e+00]",1.3344121765539385,0.1509087138290512,7406842.34,1.3452313307994193,0.151389885359844,7440193.432829732
127,C6H5F,"[8.93147727e-01 1.36567448e+02 3.45093728e+04 6.20000000e+01
 9.17734375e+00 3.94726562e+00 5.50078125e+00 8.00000000e+00
 1.03109375e+00 5.26757812e+00]",-0.07052605807674227,-0.4250798287429474,9414326.76,-0.06930656530476487,-0.42438391635495376,9419448.086496456
128,C2H2CL2O-D1,"[1.95247923e+00 1.37251645e+02 3.81550524e+04 7.10000000e+01
 2.38515625e+00 5.30664062e+00 5.43515625e+00 1.00000000e+01
 1.44734375e+00 4.56054688e+00]",4.031394700314302,1.749127235175674,5576241.32,4.029156964827319,1.7476577552530945,5581508.510177787
129,C6H13NO2-N7,"[7.43746321e-01 3.02651884e+02 7.07240766e+04 4.20000000e+01
 5.00078125e+00 5.98632812e+00 7.89609375e+00 8.00000000e+00
 1.49515625e+00 4.47070312e+00]",-0.6253945220484562,-0.6281776494785044,23922236.7,-0.623618624069755,-0.6272788421647011,23912864.94553511
130,C5H10-3,"[8.66701840e-01 1.46530459e+02 2.69604719e+04 6.80000000e+01
 1.59765625e+00 3.88085938e+00 2.74453125e+00 1.40000000e+01
 8.53906250e-01 5.05664062e+00]",-1.9859897498058763,-0.5646987813769511,3102760.9,-1.9833819073435281,-0.5638633895222687,3113555.1858468354
131,C12H26O-1,"[8.50946934e-01 3.74070036e+02 6.64172986e+04 4.00000000e+01
 6.87109375e+00 4.32617188e+00 6.88984375e+00 1.20000000e+01
 5.05156250e-01 4.37695312e+00]",-0.4510243595938198,-0.9933027575518967,43141998.3,-0.449422734894825,-0.9920391898903679,43113426.04206671
132,C7H14O2-D11,"[1.08347728e+00 2.43699306e+02 4.14690160e+04 4.90000000e+01
 5.94296875e+00 4.19335938e+00 5.57734375e+00 1.90000000e+01
 1.30390625e+00 3.69335938e+00]",0.9413006610437024,0.17550277179262663,11467148.2,0.9385060671018829,0.17567704818446483,11455021.861806251
133,C2H2CL2O-D1,"[1.95247923e+00 1.37251645e+02 3.81550524e+04 5.50000000e+01
 2.86328125e+00 5.43164062e+00 3.10546875e+00 1.90000000e+01
 8.17343750e-01 4.20898438e+00]",3.5659688485609213,2.083377866610732,4313652.73,3.5649195644261056,2.081573236308252,4321344.048134476
134,C4H6O-D3,"[1.55363937e+00 1.26334406e+02 3.20404469e+04 6.90000000e+01
 2.70859375e+00 5.33398438e+00 5.03046875e+00 1.50000000e+01
 1.75109375e+00 5.65429688e+00]",2.7894319906266674,0.8295931610697006,5311121.23,2.787601111069799,0.8290356399404525,5317991.7340265475
135,C2H3CL3,"[1.35875724e+00 1.24555897e+02 3.92754514e+04 5.10000000e+01
 1.42890625e+00 4.47851562e+00 1.12578125e+00 1.90000000e+01
 1.23921875e+00 5.62304688e+00]",0.5359349549793613,0.5365414769786088,3308818.68,0.5397081903749464,0.5364130772528111,3321104.2396377474
136,C6H14-5,"[7.76993938e-01 1.89188158e+02 2.91849501e+04 4.80000000e+01
 9.19140625e+00 4.40820312e+00 5.66484375e+00 1.10000000e+01
 6.17656250e-01 5.97460938e+00]",-0.9721403383355245,-1.6820849309463115,8896760.81,-0.9700180409399535,-1.6801332692054674,8902399.520959686
137,C4H11NO-D1,"[1.05869677e+00 1.86895374e+02 4.02643229e+04 6.10000000e+01
 2.18828125e+00 3.95507812e+00 7.20703125e+00 2.00000000e+01
 1.21109375e+00 5.50585938e+00]",0.8910254446188762,0.35106945944280094,8976927.14,0.8914503925802972,0.3509859216376256,8979714.170624457
138,C6H11N-D1,"[1.23361401e+00 1.99834298e+02 4.21592249e+04 4.50000000e+01
 7.23671875e+00 4.52929688e+00 6.03671875e+00 1.10000000e+01
 1.21953125e+00 4.55273438e+00]",2.0369518156323814,0.3994651422072583,10839711.9,2.0327812757134907,0.3994270892724513,10827300.98611521
139,C7H8O-1,"[1.12891671e+00 1.74092602e+02 4.68809332e+04 7.30000000e+01
 3.14453125e+00 4.52148438e+00 7.22890625e+00 1.80000000e+01
 1.32078125e+00 3.57617188e+00]",1.351574527715822,0.7467732161861368,12214422.0,1.3516419896597156,0.7462984462167844,12216192.996630521
140,C4H9CL-3,"[9.01903726e-01 1.62869497e+02 2.89703517e+04 5.90000000e+01
 2.27265625e+00 4.14648438e+00 5.87265625e+00 1.50000000e+01
 1.48390625e+00 4.39648438e+00]",-0.8093368825758738,-0.9438840036607916,5259808.88,-0.8056867446532339,-0.9428333317726799,5271291.870021608
141,C8H16-D1,"[8.59521495e-01 2.15587661e+02 3.87470828e+04 7.80000000e+01
 1.18984375e+00 4.07226562e+00 3.51015625e+00 1.60000000e+01
 1.75390625e+00 5.36914062e+00]",-0.2723891560093338,-0.28907683153444724,7690271.79,-0.27127798491215205,-0.2885168481761353,7696480.124519075
142,C2H5I,"[1.84210091e+00 9.82325350e+01 3.17133195e+04 5.60000000e+01
 6.92734375e+00 3.94335938e+00 6.17890625e+00 1.50000000e+01
 1.36578125e+00 4.84960938e+00]",3.7824731162553498,-0.47682505504216016,7722354.49,3.7799683071781285,-0.47607744912106764,7728489.823039371
143,C7H16O-D3,"[8.43915410e-01 2.64153357e+02 6.00901257e+04 4.90000000e+01
 5.85859375e+00 3.76757812e+00 5.93828125e+00 2.00000000e+01
 1.65546875e+00 3.81445312e+00]",0.06002512012637071,0.04545087468394462,15637299.1,0.06094184665230995,0.045676726436681775,15635115.533810142
144,C6H13I,"[1.35039209e+00 2.11936347e+02 4.85920075e+04 4.30000000e+01
 1.31640625e+00 5.78320312e+00 3.47734375e+00 1.90000000e+01
 8.93281250e-01 5.32617188e+00]",1.2839684076447866,0.613824132062416,9640341.99,1.2887060477457972,0.6136914044352563,9678758.574115925
145,C5H12S-D1,"[4.26792710e+01 2.00098757e+02 3.58907843e+04 6.70000000e+01
 3.38359375e+00 5.02929688e+00 5.97109375e+00 1.60000000e+01
 2.18281250e-01 5.72460938e+00]",3.7221802068834844,-2.8909762483260035,10379824.3,3.718693272031425,-2.8878169029514127,10383807.910576921
146,C8H16-D3,"[8.53785122e-01 2.35892903e+02 3.99523920e+04 7.80000000e+01
 1.45703125e+00 5.53320312e+00 3.73984375e+00 1.60000000e+01
 1.62453125e+00 5.44335938e+00]",-0.3547061379793539,-0.47335766013233194,8522340.63,-0.34920620017742254,-0.47333914679101996,8494268.118902434
147,C7H6N2O4-E2,"[5.25808110e+00 2.35455980e+02 6.79049026e+04 7.50000000e+01
 3.90390625e+00 5.42773438e+00 2.67890625e+00 1.10000000e+01
 9.21406250e-01 3.75976562e+00]",23.025850847100088,1.145548771647681,17179102.5,23.007012722561555,1.1446756276811185,17179810.475035295
148,C8H18-17,"[7.86098329e-01 2.42049652e+02 3.80940639e+04 4.90000000e+01
 3.00390625e+00 4.84570312e+00 1.26796875e+00 1.50000000e+01
 1.88328125e+00 3.75585938e+00]",-0.22759352455761306,-0.22600268948756713,5153185.43,-0.22759807300293522,-0.225527494660079,5164102.674179964
149,C10H16-E2,"[9.05228866e-01 2.31190175e+02 4.87518207e+04 5.30000000e+01
 9.92265625e+00 3.77929688e+00 4.45078125e+00 1.80000000e+01
 1.28984375e+00 3.71289062e+00]",0.12213708518148612,0.07447857299258046,16212441.0,0.12272497335352117,0.07467529308247015,16212500.28106699
150,C2H6S2-D1,"[1.69660766e+00 1.32338196e+02 4.40501937e+04 4.40000000e+01
 3.63671875e+00 5.75195312e+00 1.35546875e+00 1.70000000e+01
 8.08906250e-01 5.18945312e+00]",1.4923308186846678,1.491130227887163,4002157.75,1.4919884927506355,1.4899118445142876,4012684.969527548
151,C4H10O2-D9,"[8.85148102e-01 1.76933471e+02 4.52969897e+04 5.90000000e+01
 1.38671875e+00 4.79492188e+00 4.40703125e+00 1.30000000e+01
 3.75781250e-01 5.29882812e+00]",0.23154770247714973,0.008959179926656001,6599348.78,0.23246731074403115,0.009221486911383414,6607282.272623481
152,C3H6O3-D2,"[1.45968384e+00 1.34357094e+02 4.24500812e+04 6.50000000e+01
 2.59609375e+00 5.77929688e+00 1.00546875e+00 1.90000000e+01
 1.42484375e+00 5.08789062e+00]",0.6502072168602147,0.6506226823675414,3503218.85,0.6516047975405405,0.6503307408388743,3513202.1634197943
153,C6H12-7,"[8.61358201e-01 1.86407747e+02 3.15284577e+04 6.00000000e+01
 8.85390625e+00 4.63476562e+00 5.00859375e+00 1.50000000e+01
 9.49531250e-01 4.87304688e+00]",-0.2900702940838797,-1.1405131799475383,8371990.87,-0.2845406767651679,-1.1383842152375907,8374668.924640859
154,C6H14O2-D7,"[9.12267758e-01 2.55977495e+02 5.28929142e+04 4.10000000e+01
 3.22890625e+00 3.62304688e+00 5.52265625e+00 1.30000000e+01
 7.86406250e-01 3.60742188e+00]",0.31876241242732617,0.2614986767875022,11609354.8,0.3196216503000383,0.26150869656257836,11612280.703330519
155,C4H6O2-D2,"[1.25835422e+00 1.08364469e+02 5.08425845e+04 6.60000000e+01
 7.86953125e+00 4.84960938e+00 5.61015625e+00 1.50000000e+01
 1.35734375e+00 4.90820312e+00]",2.20755072237764,2.005239459637227,13282853.0,2.20649650241446,2.003507480628237,13284110.000401957
156,C18H22-D1,"[1.05284675e+00 3.59123657e+02 7.43068767e+04 7.60000000e+01
 8.82578125e+00 4.58789062e+00 6.29921875e+00 2.00000000e+01
 4.51718750e-01 3.67773438e+00]",1.5135331950043838,-0.08663911053589284,54340873.1,1.5131723020569583,-0.08628130076349061,54301113.09738326
157,CH2BRCL,"[1.23860397e+00 9.43881858e+01 3.28420225e+04 7.60000000e+01
 3.03203125e+00 4.46679688e+00 1.88046875e+00 2.00000000e+01
 1.84390625e+00 4.31835938e+00]",0.7291854876005597,0.7348346211313975,4509388.04,0.7296081555050304,0.734371777825211,4519409.740496121
158,C14H16-D1,"[1.01453740e+00 2.72742847e+02 6.87679721e+04 7.30000000e+01
 3.41171875e+00 5.52148438e+00 3.20390625e+00 8.00000000e+00
 2.35156250e-01 3.58789062e+00]",0.5209502770145741,0.27946940618801497,22198493.4,0.5215809753938119,0.27946147318646725,22190843.66681383
159,C7H16O-E1,"[8.43915410e-01 2.66523263e+02 6.24470667e+04 7.70000000e+01
 2.24453125e+00 5.36523438e+00 2.85390625e+00 1.80000000e+01
 2.49218750e-01 4.88867188e+00]",0.09885482847270145,-0.0985543137108104,8261463.93,0.09964433510927218,-0.09818460290770664,8267491.726280168
160,C7H16-3,"[7.82672615e-01 2.20114775e+02 3.51047684e+04 4.30000000e+01
 2.07578125e+00 4.88085938e+00 1.34453125e+00 2.00000000e+01
 1.66671875e+00 4.61914062e+00]",-0.2477640252581193,-0.22959594597200095,4315434.08,-0.24871501711772193,-0.22922992355569338,4329674.984375721
161,C7H14O2-D3,"[8.78976867e-01 3.06341585e+02 7.39244280e+04 4.80000000e+01
 5.40859375e+00 5.68945312e+00 5.20546875e+00 1.80000000e+01
 2.29531250e-01 5.19335938e+00]",0.24724249920349453,-0.12768607360388703,24432988.1,0.24814663191339914,-0.12728725787437395,24423106.104376264
162,CHCL3,"[1.04980106e+00 1.19806921e+02 3.13931277e+04 4.70000000e+01
 9.23359375e+00 4.91992188e+00 1.74921875e+00 1.70000000e+01
 4.23593750e-01 4.75585938e+00]",0.5965575386711964,-0.08409575407779006,5215583.45,0.5971127053201708,-0.08374048512103033,5224899.660819825
163,C8H18O3,"[9.32745391e-01 3.15508973e+02 6.94870672e+04 5.00000000e+01
 2.25859375e+00 4.00976562e+00 3.67421875e+00 1.00000000e+01
 6.48593750e-01 5.86914062e+00]",0.3970751829730762,0.3915107224057938,17813172.9,0.3978298325542986,0.3913908600174152,17809904.11769342
164,C6H10-D7,"[9.57835519e-01 1.77455578e+02 3.28628800e+04 5.20000000e+01
 6.19609375e+00 3.59570312e+00 2.39453125e+00 1.40000000e+01
 6.40156250e-01 5.20117188e+00]",0.30184769514693355,-0.10719796075126538,6265075.98,0.3016739275682033,-0.1069399702143467,6269969.267788317
165,C9H18O2-D4,"[8.92063874e-01 3.16133718e+02 7.58084878e+04 7.90000000e+01
 1.86484375e+00 5.09570312e+00 5.53359375e+00 1.00000000e+01
 1.87203125e+00 5.57617188e+00]",0.05137115437320463,0.03882800140022536,32609440.9,0.05247096276507124,0.039060469402461634,32591390.619860783
166,C5H10CL2O2,"[1.50038166e+00 2.13098937e+02 5.96862916e+04 4.90000000e+01
 7.32109375e+00 5.16601562e+00 4.31953125e+00 1.40000000e+01
 8.06093750e-01 3.63476562e+00]",3.2651071616847767,1.1689219342657018,18680261.1,3.262996430213878,1.1680254373000403,18676126.08499143
167,C5H12O2-D4,"[9.99531889e-01 1.77516486e+02 3.53504314e+04 7.90000000e+01
 4.24140625e+00 3.88867188e+00 6.41953125e+00 1.30000000e+01
 1.64984375e+00 4.25585938e+00]",0.4777288561676804,-0.09350082299733939,9151162.24,0.4784027325576591,-0.09313615836733335,9156546.803676136
168,C6H4CL2-3,"[8.72454493e-01 1.71440737e+02 4.84750495e+04 6.80000000e+01
 1.76640625e+00 5.24414062e+00 2.90859375e+00 1.70000000e+01
 1.82984375e+00 3.92382812e+00]",-0.1516105288676514,-0.15148553794518194,6974989.45,-0.14991260679602325,-0.15106294652289226,6982437.678106798
169,C6H4CLNO2-D2,"[2.99371700e+00 1.84956972e+02 5.81858939e+04 6.70000000e+01
 9.24765625e+00 4.87304688e+00 4.91015625e+00 1.70000000e+01
 1.64140625e+00 4.06054688e+00]",13.15902543378216,2.205128662626714,22499050.9,13.14703149354847,2.2031969941042484,22491100.86922126
170,C12H16-N44,"[9.43732879e-01 2.32252329e+02 5.23070832e+04 5.70000000e+01
 2.96171875e+00 5.08789062e+00 5.62109375e+00 1.80000000e+01
 1.27296875e+00 4.34960938e+00]",0.10318278086316261,-0.11201627359257159,25842526.3,0.10428778447990905,-0.1116331120702741,25833253.565620795
171,C11H24O3,"[9.50571932e-01 3.71973797e+02 6.39838331e+04 5.80000000e+01
 9.30390625e+00 4.83398438e+00 3.87109375e+00 1.00000000e+01
 1.80171875e+00 5.35742188e+00]",0.8054037807884105,0.7897598248755083,23788050.0,0.8057503098331025,0.7892421112359111,23778812.298182465
172,C10H12-E3,"[9.47328387e-01 2.19125973e+02 4.89685470e+04 7.20000000e+01
 3.69296875e+00 5.43554688e+00 3.33515625e+00 1.10000000e+01
 7.89218750e-01 3.95117188e+00]",0.1834449199702774,-0.08734735281789219,9672031.2,0.18405180175155855,-0.08698883552925885,9677411.333167564
173,C9H18,"[7.93194476e-01 2.43315588e+02 4.41103896e+04 4.10000000e+01
 9.33203125e+00 5.25585938e+00 5.34765625e+00 1.70000000e+01
 3.39218750e-01 4.67773438e+00]",-0.6226991635326338,-1.3986655808335462,12860190.6,-0.620924932445867,-1.396997055306601,12861869.766185414
174,C6H8-E3,"[9.94964385e-01 1.43778185e+02 3.48944289e+04 5.70000000e+01
 3.58046875e+00 4.54882812e+00 2.40546875e+00 1.50000000e+01
 1.01703125e+00 5.17382812e+00]",0.27602927424315193,0.09597246078069796,5096884.31,0.27690484498128887,0.09614784141092578,5106319.062496804
175,C3H10N2,"[1.06123935e+00 1.83074413e+02 4.57840910e+04 4.10000000e+01
 8.53046875e+00 3.61523438e+00 6.51796875e+00 8.00000000e+00
 3.67343750e-01 5.40039062e+00]",1.2781143844745058,0.6533842814068299,10646150.6,1.2783790014774277,0.6530073016228193,10648786.04361718
176,C6H12-11,"[8.61505183e-01 1.92024540e+02 2.95110942e+04 7.00000000e+01
 9.07890625e+00 5.47851562e+00 5.77421875e+00 1.60000000e+01
 1.62734375e+00 4.38085938e+00]",-0.4836838154305267,-1.369884381385296,8375326.53,-0.48204948658930613,-1.3682446083053517,8381486.15432632
177,C9H20O-D3,"[8.57908224e-01 2.98525001e+02 6.53159930e+04 7.20000000e+01
 8.71328125e+00 4.26757812e+00 2.51484375e+00 8.00000000e+00
 1.53734375e+00 3.80273438e+00]",0.3752949262109788,0.3721689000276905,14834676.4,0.3760710852779984,0.37206836013919004,14834382.889147997
178,C6H14O-E4,"[9.16026371e-01 2.09295026e+02 3.71664035e+04 6.90000000e+01
 8.03828125e+00 5.22851562e+00 2.53671875e+00 8.00000000e+00
 1.76515625e+00 4.51757812e+00]",0.242648192029484,0.15158353034213662,7538023.24,0.2435393901016668,0.1516914429204382,7543295.731818702
179,C8H16-10,"[7.87463243e-01 2.01587670e+02 3.59021526e+04 5.60000000e+01
 2.11796875e+00 4.69335938e+00 1.22421875e+00 1.40000000e+01
 1.08734375e+00 4.88476562e+00]",-0.19963609838712976,-0.19284881482903588,4259366.05,-0.19737611714989378,-0.19238687327568482,4268087.425394582
180,C5H10O2-4,"[1.11507219e+00 2.02109952e+02 3.94563448e+04 5.10000000e+01
 3.74921875e+00 5.25976562e+00 6.80234375e+00 1.70000000e+01
 1.30109375e+00 5.74414062e+00]",1.1914664889104036,-0.11182690580215084,9639675.76,1.1917911608585467,-0.1114439334586601,9644268.448720492
181,C8H16O-D1,"[1.06190000e+00 2.74049341e+02 5.24289529e+04 6.00000000e+01
 3.52421875e+00 3.97851562e+00 6.96640625e+00 2.00000000e+01
 5.36093750e-01 4.90429688e+00]",1.2037524851610921,-0.07427367789335748,17052323.9,1.2036403417609516,-0.07392822120051823,17049875.361850936
182,C5H6,"[1.03091766e+00 8.89796087e+01 2.60457646e+04 4.80000000e+01
 4.55078125e+00 3.88476562e+00 7.95078125e+00 1.90000000e+01
 1.08171875e+00 4.68945312e+00]",-1.0336953136888085,-1.2111173638951558,5076447.37,-1.0324549817096929,-1.2096361992608036,5084947.5417599715
183,C5H8O3-D2,"[1.49938283e+00 2.04390902e+02 5.31550840e+04 4.40000000e+01
 8.79765625e+00 5.88085938e+00 2.78828125e+00 9.00000000e+00
 1.86640625e+00 4.47460938e+00]",3.1918932615141626,3.165180647712954,9136054.73,3.1923166164908388,3.1622899426139424,9141604.792881781
184,C9H10-E3,"[1.08714486e+00 2.07276705e+02 4.90863766e+04 5.80000000e+01
 7.91171875e+00 3.91601562e+00 6.46328125e+00 1.10000000e+01
 1.45296875e+00 3.50195312e+00]",1.323696582008668,0.8139872751320569,16028474.8,1.3231466876860931,0.8134601209283732,16026329.36158063
185,C7H6N2O4-E3,"[5.25808110e+00 2.38184890e+02 6.58029981e+04 7.80000000e+01
 6.98359375e+00 5.62304688e+00 5.78515625e+00 1.20000000e+01
 1.16046875e+00 4.96679688e+00]",20.723265864228342,-0.4772724329170066,33115187.5,20.705212538681295,-0.4765243800652754,33096560.020632684
186,C2HCL3O2,"[1.10834548e+00 1.69215831e+02 6.18262913e+04 7.50000000e+01
 3.29921875e+00 4.67382812e+00 4.54921875e+00 9.00000000e+00
 1.90859375e+00 5.49023438e+00]",1.2338875495958954,1.233681704627742,12109379.3,1.218163851702429,1.2317106750832472,12030085.414494611
187,C10H18-D2,"[9.47577267e-01 2.72995140e+02 4.99694416e+04 6.50000000e+01
 4.86015625e+00 5.35742188e+00 7.04296875e+00 1.20000000e+01
 5.33281250e-01 4.77929688e+00]",0.22456767436964276,-1.1424358650428188,18761812.5,0.2254944986405243,-1.141023313257922,18757595.97814288
188,C4H11NO2-2,"[8.67582485e-01 2.36162452e+02 7.30127647e+04 7.40000000e+01
 3.48203125e+00 3.50195312e+00 7.66640625e+00 1.50000000e+01
 1.13796875e+00 3.84960938e+00]",-0.018158506936002072,-0.01815838292578032,23635112.3,-0.016989238343027013,-0.017868985468672882,23626027.38309755
189,C3H6CL2O-D1,"[1.39075338e+00 1.32520925e+02 5.10028860e+04 5.20000000e+01
 8.16484375e+00 4.71679688e+00 1.98984375e+00 1.10000000e+01
 2.77343750e-01 5.80273438e+00]",2.460842140461644,2.4383398317802634,7916278.71,2.4595348848628036,2.436175185066835,7922896.923556807
190,C15H16-D1,"[9.69125248e-01 3.30458068e+02 7.84682165e+04 4.10000000e+01
 3.73515625e+00 4.20898438e+00 5.98203125e+00 1.00000000e+01
 1.52609375e+00 5.04882812e+00]",0.35576824127864426,0.34696661830303055,45474504.9,0.35656280785127636,0.3468912555191501,45443602.65025289
191,C8H18-17,"[7.86098329e-01 2.42049652e+02 3.80940639e+04 6.40000000e+01
 4.26953125e+00 4.53710938e+00 4.72421875e+00 1.90000000e+01
 7.13281250e-01 4.91210938e+00]",-0.8539941318340338,-1.1977258846390963,10918205.6,-0.8519869775369127,-1.1962652029177692,10915534.928889679
192,C7H6N2O4-E3,"[5.25808110e+00 2.38184890e+02 6.58029981e+04 4.20000000e+01
 1.13359375e+00 5.07226562e+00 2.68984375e+00 1.80000000e+01
 3.50468750e-01 4.75195312e+00]",14.581227966467477,0.4294157026835761,14151229.8,14.570283659719127,0.42925797318190384,14152598.564153092
193,C8H8O-D1,"[1.29602841e+00 2.01240436e+02 6.47078332e+04 6.70000000e+01
 4.87421875e+00 5.04882812e+00 5.73046875e+00 9.00000000e+00
 8.22968750e-01 4.42382812e+00]",4.249129742506884,1.9757950334505936,22274844.2,4.240454462220263,1.9747673341510619,22246208.749298926
194,C8H18O-2,"[8.51732309e-01 3.48309963e+02 6.70362529e+04 7.30000000e+01
 1.90703125e+00 3.63085938e+00 3.24765625e+00 1.60000000e+01
 1.79328125e+00 3.99804688e+00]",0.03242552875836644,0.03241143705656822,11300837.7,0.03354426384914877,0.03265031521299397,11304074.735744901
195,C7H14-D2,"[8.57159895e-01 2.07887644e+02 3.56055554e+04 8.00000000e+01
 8.37578125e+00 5.47460938e+00 1.25703125e+00 1.90000000e+01
 1.90578125e+00 4.14648438e+00]",0.17964125804093264,0.18166921891433505,6607605.74,0.17996058316898111,0.18175892797740423,6614805.408635536
196,C3H6O3-D2,"[1.45968384e+00 1.34357094e+02 4.24500812e+04 5.70000000e+01
 9.34609375e+00 5.14257812e+00 1.01640625e+00 1.40000000e+01
 1.27578125e+00 5.52148438e+00]",1.093744514057913,1.0939954181460652,5668106.19,1.092654331221216,1.093205857689321,5669500.96764894
197,C10H14O-D2,"[1.22228190e+00 2.47111377e+02 6.44171063e+04 5.70000000e+01
 8.26328125e+00 4.72851562e+00 3.36796875e+00 1.80000000e+01
 8.34218750e-01 5.69335938e+00]",2.4638179000156297,2.2479090224047233,20884916.2,2.462507671698563,2.2459346162601017,20878578.731748894
198,C11H16-D2,"[1.15244269e+00 2.50657358e+02 5.66522837e+04 7.30000000e+01
 6.70234375e+00 5.34960938e+00 5.27109375e+00 1.60000000e+01
 7.07656250e-01 5.34570312e+00]",2.044469327124364,0.5734845522761197,28194575.3,2.043543240664248,0.5731828978499085,28181083.166889377
199,C9H18O,"[1.07699819e+00 2.45709133e+02 5.39648035e+04 7.80000000e+01
 7.61640625e+00 5.33789062e+00 5.04140625e+00 1.90000000e+01
 9.63593750e-01 5.93164062e+00]",1.8106448321114723,0.7128011007993534,25980132.9,1.8099871243417622,0.7123602690019901,25968705.30517547
200,C6H14O-D5,"[8.33852289e-01 3.35729348e+02 6.41059352e+04 6.20000000e+01
 3.60859375e+00 4.98632812e+00 6.39765625e+00 1.60000000e+01
 6.79531250e-01 3.84570312e+00]",0.12487585931941028,-0.5133001011042483,13573536.8,0.1255733108023831,-0.5125165124953945,13576960.107962247
201,C3H8O2-1,"[1.26860366e+00 1.55241267e+02 2.93759500e+04 6.20000000e+01
 2.58203125e+00 5.88867188e+00 6.34296875e+00 1.90000000e+01
 2.94218750e-01 5.18164062e+00]",0.7821136870364076,-0.9147691149817669,4302970.79,0.7824834829081302,-0.9135840025076206,4313198.701778866
202,C7H16O-D0,"[8.43915410e-01 3.01662549e+02 6.18385710e+04 4.20000000e+01
 9.50078125e+00 5.49804688e+00 1.46484375e+00 1.10000000e+01
 1.00859375e+00 4.80273438e+00]",0.5131167852907914,0.5125028866700121,7465630.06,0.5067186132141989,0.5116770780934046,7607387.62262575
203,C4H8O-D1,"[1.01424349e+00 1.38070306e+02 2.85286936e+04 7.50000000e+01
 5.80234375e+00 5.23632812e+00 2.23046875e+00 1.10000000e+01
 5.69843750e-01 5.43164062e+00]",0.37050267562821126,-0.46109735524924395,4514998.6,0.3712575240355491,-0.46036546131628897,4524975.3866989855
204,C2H3CL3-D0,"[9.67927602e-01 1.43382981e+02 3.23700192e+04 7.40000000e+01
 2.10390625e+00 4.26367188e+00 3.83828125e+00 1.80000000e+01
 1.04796875e+00 4.48632812e+00]",0.046053646019166956,-0.3968233578457665,5030161.81,0.047107439129939754,-0.39615567370042737,5039430.0850872025
205,C2CL4F2,"[1.05502704e+00 1.78222332e+02 3.52234297e+04 4.00000000e+01
 5.15546875e+00 5.22070312e+00 5.71953125e+00 1.00000000e+01
 7.24531250e-01 5.38085938e+00]",0.6004514146860983,-0.7366500340485447,7876179.84,0.6008473529112746,-0.7356428627255848,7882091.45798942
206,C10H20O2-D5,"[1.01495260e+00 2.97997669e+02 5.71116296e+04 5.90000000e+01
 7.33515625e+00 3.63867188e+00 6.85703125e+00 1.40000000e+01
 5.16406250e-01 4.99804688e+00]",1.1445177093248564,0.32579307706201455,36756427.6,1.1446419866676647,0.32574142819023133,36744338.73199525
207,C6H4N2O5-N3,"[6.71607097e+00 2.51851079e+02 9.31699994e+04 7.30000000e+01
 7.47578125e+00 4.13867188e+00 6.02578125e+00 1.80000000e+01
 1.11265625e+00 4.50585938e+00]",23.025850847100088,1.6002687478426374,35472455.4,23.00399912732739,1.5989413349792967,35451544.96551513
208,C7H16O-E1,"[8.43915410e-01 2.66523263e+02 6.24470667e+04 5.20000000e+01
 6.36484375e+00 3.55273438e+00 3.71796875e+00 1.50000000e+01
 1.67796875e+00 4.00195312e+00]",0.16657063839229194,0.16644147930227352,12049817.2,0.1672034619621071,0.1665464533207368,12050828.2902183
209,C10H14-E10,"[1.01549581e+00 2.32203526e+02 5.03747032e+04 6.20000000e+01
 1.10546875e+00 4.15820312e+00 5.38046875e+00 1.80000000e+01
 1.25609375e+00 3.83789062e+00]",0.4790807720787544,0.23182642565506084,14645354.7,0.4776981862472729,0.23187683232823994,14572820.886522828
210,C7H8O-4,"[1.33824138e+00 1.93528177e+02 6.28770924e+04 6.10000000e+01
 9.82421875e+00 4.64257812e+00 3.21484375e+00 1.30000000e+01
 6.20468750e-01 4.73242188e+00]",3.261288495820729,2.924818773371582,13654334.4,3.259399846022748,2.922168133709511,13655166.929291032
211,C11H16O2-D1,"[1.03434980e+00 3.27418253e+02 6.84983274e+04 4.30000000e+01
 4.90234375e+00 3.77148438e+00 6.93359375e+00 9.00000000e+00
 1.80453125e+00 4.07617188e+00]",1.1806660378035612,1.163220688059559,43252709.1,1.1806378534249335,1.162329886644553,43224026.168111585
212,C10H22O-D0,"[8.62851706e-01 3.80892233e+02 7.81686057e+04 6.30000000e+01
 5.23984375e+00 4.80664062e+00 4.61484375e+00 1.20000000e+01
 1.29828125e+00 4.21679688e+00]",0.14965612395079717,0.06223233300088229,29764573.0,0.15065774556531641,0.06244142005246858,29749364.745734923
213,C6H14O-E4,"[9.16026371e-01 2.09295026e+02 3.71664035e+04 4.40000000e+01
 3.13046875e+00 4.69726562e+00 4.68046875e+00 1.30000000e+01
 9.10156250e-01 4.82617188e+00]",-0.0018729125474836366,-0.4982689292697817,7461973.75,-8.856003572321747e-05,-0.4977781050000809,7480304.977785852
214,C10H16-E4,"[8.86700912e-01 2.71031780e+02 4.88209463e+04 6.20000000e+01
 7.98203125e+00 4.37695312e+00 1.06015625e+00 1.30000000e+01
 1.41078125e+00 4.34570312e+00]",0.2794739579213558,0.27940925505734454,9270371.0,0.2803458450556421,0.27940138214683646,9275636.475312762
215,C8H14O2,"[1.11845868e+00 2.40074217e+02 4.94481190e+04 5.00000000e+01
 4.53671875e+00 4.68945312e+00 4.23203125e+00 2.00000000e+01
 1.39671875e+00 4.53710938e+00]",1.0872875948206504,0.862083963120723,12483099.0,1.0866777245431558,0.8615010978996748,12480893.753992258
216,C5H10O2-6,"[1.12290641e+00 1.90780770e+02 3.77321061e+04 5.60000000e+01
 8.81171875e+00 4.24414062e+00 7.65546875e+00 1.30000000e+01
 9.24218750e-01 4.75976562e+00]",1.56037336570001,-0.11750501709464041,11896740.3,1.5593955360016594,-0.1173136763155937,11899628.647427995
217,C8H18O-D6,"[8.51732309e-01 2.86836178e+02 6.16384410e+04 6.60000000e+01
 6.06953125e+00 4.13085938e+00 6.13515625e+00 9.00000000e+00
 7.72343750e-01 5.45507812e+00]",0.09754382496181128,-0.19988309815530414,18408546.4,0.09839713343117573,-0.19944318656931553,18406432.599693965
218,C10H30SI4O3,"[8.79309077e-01 4.30451723e+02 5.44734467e+04 6.60000000e+01
 9.95078125e+00 4.79101562e+00 3.72890625e+00 8.00000000e+00
 1.28421875e+00 4.59960938e+00]",-0.20654499074035607,-0.3276361713212359,23418889.2,-0.20588496580624138,-0.3270418642640135,23422123.796046242
219,C6H10O4,"[1.48696985e+00 2.41292147e+02 5.44469313e+04 7.00000000e+01
 6.96953125e+00 4.59570312e+00 5.63203125e+00 9.00000000e+00
 4.79843750e-01 3.75195312e+00]",7.024020793876819,0.9413995436250223,13937770.2,7.0181549183131375,0.9407303417549061,13938372.937543102
220,C7H8S,"[1.24725245e+00 2.42517303e+02 5.65953527e+04 4.70000000e+01
 9.09296875e+00 5.71289062e+00 5.08515625e+00 9.00000000e+00
 8.11718750e-01 4.25195312e+00]",2.018295025458509,1.0592964603119168,15218154.1,2.018235518995951,1.0585095458745721,15217978.469698546
221,C15H30-2,"[8.54922250e-01 4.28892236e+02 7.39327839e+04 6.10000000e+01
 2.37109375e+00 5.42382812e+00 3.17109375e+00 1.20000000e+01
 5.44531250e-01 4.14257812e+00]",-0.38839816195944116,-0.5964010403002997,27422103.0,-0.3870281254147292,-0.59553397785186,27410649.260292694
222,C3H4CL2,"[1.25513860e+00 1.66426458e+02 3.83027832e+04 6.90000000e+01
 5.18359375e+00 4.33789062e+00 6.67109375e+00 8.00000000e+00
 9.88906250e-01 4.47851562e+00]",2.1492788937528307,-0.08539617419613393,9086509.98,2.14662591710482,-0.0850026058525421,9084240.577211319
223,C5H11CL,"[9.95559064e-01 1.84013305e+02 3.77109161e+04 7.80000000e+01
 1.79453125e+00 3.65820312e+00 3.84921875e+00 1.30000000e+01
 1.15765625e+00 4.67382812e+00]",0.27840967690349716,0.06421653872360449,6840083.08,0.27943920637742836,0.06442364354227822,6847560.065178988
224,C7H14O2-D8,"[1.08250843e+00 2.41069354e+02 4.94298402e+04 6.70000000e+01
 6.85703125e+00 4.76757812e+00 2.93046875e+00 1.60000000e+01
 1.95078125e+00 5.86132812e+00]",1.2352024305783504,1.2256250298586622,10801934.8,1.2351490173261952,1.224671900940121,10805837.330910334
225,C6H5BR,"[1.03117122e+00 1.45649210e+02 4.47840696e+04 5.50000000e+01
 9.13515625e+00 5.45898438e+00 7.98359375e+00 1.30000000e+01
 4.37656250e-01 3.89648438e+00]",1.0823711598356918,-0.18236351784066035,12053769.7,1.082428680294461,-0.18190970479810997,12056305.158190515
226,CHBR3,"[7.34087938e-01 1.15772504e+02 4.41128148e+04 4.80000000e+01
 1.55546875e+00 3.93164062e+00 2.50390625e+00 1.50000000e+01
 9.69218750e-01 4.92773438e+00]",-0.020750372522364564,-0.019927791445662712,4382488.41,-0.019577748045055188,-0.019636626347676267,4392635.633804962
227,C6H14-1,"[7.76907831e-01 1.97631730e+02 3.15493646e+04 7.90000000e+01
 5.05703125e+00 5.02539062e+00 6.18984375e+00 1.10000000e+01
 5.13593750e-01 4.32226562e+00]",-1.1991281279639414,-2.2629898202099095,7760890.32,-1.194790238632036,-2.2605482750300094,7770031.323432901
228,C7H6O,"[1.55425141e+00 1.72403699e+02 5.01562887e+04 5.00000000e+01
 8.98046875e+00 3.83007812e+00 2.24140625e+00 1.90000000e+01
 1.07046875e+00 5.37304688e+00]",2.594589294377933,2.594589510898636,10399926.6,2.596409513436197,2.5923968956042964,10406390.033829981
229,C9H20-D4,"[7.89754931e-01 2.66040841e+02 4.02564227e+04 6.40000000e+01
 3.17265625e+00 5.19726562e+00 1.08203125e+00 1.50000000e+01
 6.68281250e-01 5.01367188e+00]",-0.19521225284667787,-0.19517330016360568,4785229.57,-0.1944421386031676,-0.19470706516548497,4795681.238174032
230,C5H6S-E1,"[1.14110348e+00 1.53229989e+02 3.91585968e+04 4.90000000e+01
 7.29296875e+00 4.93554688e+00 6.72578125e+00 2.00000000e+01
 1.34328125e+00 5.22460938e+00]",1.2434712353077344,0.21295385149848053,9886193.78,1.2433800723571187,0.21301236760251677,9890844.044969346
231,C7H14O2-D4,"[1.11104101e+00 2.61817832e+02 4.65005932e+04 5.10000000e+01
 6.73046875e+00 3.63476562e+00 4.35234375e+00 1.80000000e+01
 2.52031250e-01 5.29492188e+00]",1.31376279833828,0.3517489401462454,11733146.8,1.3137409306563095,0.35166830201917965,11736641.02556948
232,C10H10S-D1,"[1.05985725e+00 2.19629939e+02 6.40351425e+04 4.10000000e+01
 7.06796875e+00 3.60742188e+00 2.79921875e+00 1.20000000e+01
 1.19703125e+00 5.03710938e+00]",0.7772970260576862,0.7771352381814535,15396129.9,0.7776716339140783,0.7766301365165756,15395275.7347379
233,C3H6S,"[1.23484366e+02 1.17436092e+02 3.59627227e+04 7.00000000e+01
 5.88671875e+00 5.95117188e+00 6.68203125e+00 1.60000000e+01
 9.80468750e-01 4.63085938e+00]",2.563918497617714,-3.33443281561816,8457538.32,2.572867580705858,-3.330773323602281,8446313.030757371
234,C8H14O2,"[1.11845868e+00 2.40074217e+02 4.94481190e+04 4.00000000e+01
 1.07734375e+00 3.72460938e+00 4.93203125e+00 1.80000000e+01
 5.07968750e-01 5.54492188e+00]",0.8658835065261558,0.40442127531676336,11622911.2,0.8666470518095006,0.4043716762966658,11627180.983060595
235,C6H12O-D1,"[9.93524190e-01 2.04719515e+02 3.75247185e+04 6.40000000e+01
 2.55390625e+00 3.62695312e+00 3.61953125e+00 1.20000000e+01
 1.91703125e+00 5.00585938e+00]",0.3063993217985654,0.23583489601264238,6745507.99,0.3072443579761568,0.23587055393035078,6753295.804663475
236,C13H10,"[1.07837347e+00 2.26931775e+02 6.91245010e+04 7.10000000e+01
 7.68671875e+00 5.57617188e+00 3.06171875e+00 8.00000000e+00
 1.83265625e+00 5.03320312e+00]",0.994674803067239,0.9943828318945148,18944500.2,0.9948322891830774,0.9936606996664872,18940101.20936973
237,C2BR2F4,"[6.08995275e-01 1.85782378e+02 2.83839822e+04 6.50000000e+01
 3.56640625e+00 5.76367188e+00 2.98515625e+00 1.20000000e+01
 1.05921875e+00 3.88867188e+00]",-5.0689492994759595,-1.122155766403557,4433070.45,-5.062741933431151,-1.1207634744574606,4443164.524738161
238,C16H32-2,"[8.53140500e-01 4.59335390e+02 7.84808050e+04 4.80000000e+01
 4.31171875e+00 5.09960938e+00 2.59140625e+00 1.20000000e+01
 8.87656250e-01 4.78320312e+00]",-0.29023597689214575,-0.2959823117135515,28478511.6,-0.2930569140923991,-0.2956353031412564,28653726.879894346
239,C7H14O-E1,"[1.08014899e+00 2.41187022e+02 4.76946837e+04 6.50000000e+01
 7.09609375e+00 3.84570312e+00 6.91171875e+00 1.30000000e+01
 1.17171875e+00 5.75585938e+00]",1.5599241867215772,0.7703978897787825,17332183.8,1.556192138691324,0.7695661886601881,17291064.2103802
240,C6H10O3,"[1.10978785e+00 2.14914714e+02 5.71143925e+04 7.50000000e+01
 9.79609375e+00 5.97070312e+00 1.28984375e+00 9.00000000e+00
 1.10421875e+00 3.82226562e+00]",1.763450416128031,1.7632982126401264,8565452.66,1.7628398548404816,1.7618079331785865,8571422.356610285
241,C3H10SIO3,"[1.04864530e-02 1.96796386e+02 3.58837511e+04 7.50000000e+01
 5.98515625e+00 4.01367188e+00 4.07890625e+00 1.80000000e+01
 1.77078125e+00 4.10742188e+00]",-20.392910095188718,-5.581523870973648,9967163.05,-20.353609228334438,-5.575726411295947,9967900.438349333
242,C6H14-4,"[7.75904202e-01 1.94669764e+02 2.76548900e+04 4.80000000e+01
 3.81953125e+00 5.64648438e+00 5.23828125e+00 2.00000000e+01
 6.37343750e-01 4.32617188e+00]",-1.2106270244797892,-1.9449935635763478,5308085.7,-1.2087764216084775,-1.9427799269603194,5315418.49542187
243,C5H10O-2,"[1.19471951e+00 1.89471221e+02 3.88073811e+04 5.80000000e+01
 7.58828125e+00 5.28710938e+00 7.38203125e+00 9.00000000e+00
 1.39953125e+00 3.91992188e+00]",2.6995143709295792,0.046996432036352266,10076631.2,2.697288433457768,0.04722074274059096,10078821.220170721
244,C8H18-16,"[7.87188257e-01 2.52481880e+02 3.86125872e+04 8.00000000e+01
 8.02421875e+00 4.23242188e+00 3.81640625e+00 2.00000000e+01
 1.57671875e+00 5.24023438e+00]",-0.6748342630924217,-0.6904121666389125,11658034.6,-0.6730090906385804,-0.6894511869802935,11660912.50335831
245,C5H10-1,"[7.69289886e-01 1.29668311e+02 2.84594206e+04 5.40000000e+01
 4.10078125e+00 3.57617188e+00 7.74296875e+00 1.90000000e+01
 4.01093750e-01 5.16601562e+00]",-1.2897905412448145,-1.8088326395204661,6512921.11,-1.2876698305163596,-1.8067543620898974,6518773.391036274
246,C6H10S,"[1.35368421e+00 2.02044096e+02 4.19476184e+04 6.50000000e+01
 4.52265625e+00 4.96289062e+00 4.52734375e+00 2.00000000e+01
 1.16890625e+00 4.66601562e+00]",3.04234570432719,1.0469285476957537,9957138.98,3.016210931135758,1.0469061151724155,9924429.503987083
247,C6H10-D7,"[9.57835519e-01 1.77455578e+02 3.28628800e+04 4.20000000e+01
 2.49765625e+00 5.27929688e+00 6.44140625e+00 1.00000000e+01
 1.13234375e+00 4.27148438e+00]",0.019193389193252707,-1.147065453904416,6330617.26,0.02046374232353032,-1.1456705373460876,6335272.5727846
248,C8H8O2-D3,"[1.38221392e+00 1.88063594e+02 5.57552104e+04 6.60000000e+01
 7.88359375e+00 5.74414062e+00 7.50234375e+00 9.00000000e+00
 1.93390625e+00 5.17773438e+00]",5.106961612022705,2.4273011141272582,27571185.0,5.103010881207724,2.425147495103793,27558167.942590658
249,C5H10CL2,"[1.23287583e+00 1.89370545e+02 5.06241255e+04 8.00000000e+01
 5.35234375e+00 5.80273438e+00 7.77578125e+00 1.20000000e+01
 1.92546875e+00 5.96679688e+00]",2.797592156433166,0.9973962732295343,26791545.5,2.788331174599665,0.9964898107048658,26759041.732256547
250,C8H18O2S,"[1.27552137e+00 3.15550983e+02 7.99175325e+04 4.60000000e+01
 3.86171875e+00 4.77929688e+00 5.28203125e+00 1.20000000e+01
 1.23359375e+00 4.25976562e+00]",3.743527598611231,2.7826381530329116,36386862.5,3.7409389390268357,2.780129551952598,36365038.571908735
251,C10H14-E2,"[1.07029438e+00 2.18440889e+02 4.98839429e+04 7.80000000e+01
 8.12265625e+00 3.74023438e+00 1.66171875e+00 9.00000000e+00
 1.10140625e+00 3.50585938e+00]",0.8807979324051284,0.8764282049041383,10559927.4,0.8810928660477391,0.8758239100328055,10563257.304419613
252,C11H25N,"[8.99356895e-01 4.35230282e+02 6.96591334e+04 4.00000000e+01
 2.46953125e+00 4.33398438e+00 1.47578125e+00 8.00000000e+00
 1.25046875e+00 4.93554688e+00]",0.05201073742255821,0.04998191476868157,10990923.6,0.05310990687031936,0.050203240000319976,10994470.240240404
253,C3H3CL5-N1,"[1.11257079e+00 1.89905272e+02 5.04370592e+04 5.80000000e+01
 6.01328125e+00 4.34960938e+00 1.73828125e+00 1.40000000e+01
 7.27343750e-01 3.65820312e+00]",0.7787051590712643,0.7785624345500899,7468305.58,0.7802614493319009,0.7781316194087701,7485388.103975316
254,C6H8-E1,"[9.94964385e-01 1.45304022e+02 3.32180209e+04 4.30000000e+01
 9.47265625e+00 4.24804688e+00 3.98046875e+00 2.00000000e+01
 1.34046875e+00 4.81054688e+00]",0.5115435463509778,0.09067196588614257,8479425.13,0.5121836420635371,0.09085264171606525,8485480.759720925
255,C4H6O2-2,"[1.29805565e+00 1.47191705e+02 3.49867589e+04 5.20000000e+01
 5.76015625e+00 5.17773438e+00 3.59765625e+00 8.00000000e+00
 1.76796875e+00 4.01757812e+00]",1.7634380500335938,1.0226822404587537,5950662.32,1.7628123719358948,1.0219179998600945,5955554.877925355
256,C5H12-1,"[7.69330640e-01 1.72055734e+02 2.64061381e+04 6.00000000e+01
 6.91328125e+00 4.97460938e+00 6.31015625e+00 1.80000000e+01
 1.72578125e+00 5.09960938e+00]",-1.7431418953192672,-1.5697830070132013,6790999.73,-1.7402532621770759,-1.567943535006556,6798741.355989682
257,C5F12,"[5.82093800e-01 3.01085556e+02 2.65014152e+04 7.40000000e+01
 7.37734375e+00 3.64257812e+00 2.88671875e+00 9.00000000e+00
 1.12953125e+00 4.51367188e+00]",-21.760166202064095,-0.48959128581286276,5345912.14,-21.7372766460634,-0.4888309264148091,5355098.152328318
258,C10H16-D3,"[8.72446260e-01 2.19318821e+02 4.63667458e+04 7.60000000e+01
 8.69921875e+00 5.77148438e+00 5.33671875e+00 8.00000000e+00
 9.35468750e-01 5.80664062e+00]",-0.21002104404148356,-0.6566159705879394,16753723.8,-0.2091236688298912,-0.6557405201638323,16737240.049009193
259,C4H10O2-D11,"[1.17492508e+00 1.72902625e+02 3.21628651e+04 4.10000000e+01
 3.98828125e+00 4.56054688e+00 4.05703125e+00 2.00000000e+01
 1.52890625e+00 5.15820312e+00]",0.8666818247975164,0.6084852467386643,5903147.54,0.8669671370151668,0.6081486265837193,5911776.873607039
260,C5H12S-D4,"[2.22040779e+01 1.94674999e+02 3.99032617e+04 8.00000000e+01
 7.41953125e+00 3.52539062e+00 3.30234375e+00 2.00000000e+01
 9.12968750e-01 5.04101562e+00]",3.92284236237094,-0.5473062935050655,10565283.6,3.920075879652037,-0.5464882767566702,10569252.784433683
261,C6H6O,"[1.30525417e+00 1.79197574e+02 5.89249814e+04 5.30000000e+01
 4.57890625e+00 4.43164062e+00 7.68828125e+00 1.50000000e+01
 1.24484375e+00 5.77148438e+00]",3.9119848305882408,2.861713878008637,16739935.1,3.909227697727035,2.859126280200076,16737738.451094963
262,C7H14-E6,"[8.84116608e-01 2.04662270e+02 3.44946985e+04 4.60000000e+01
 5.54921875e+00 3.68554688e+00 2.62421875e+00 1.60000000e+01
 4.15156250e-01 5.24804688e+00]",-0.006469778567590157,-0.37425992891103926,6554585.19,-0.005322789478537038,-0.37361478565374673,6562561.342081866
263,C4H9CL-D1,"[1.02910921e+00 1.64447482e+02 3.18383755e+04 6.00000000e+01
 3.67890625e+00 4.32226562e+00 4.00234375e+00 1.20000000e+01
 8.90468750e-01 4.20507812e+00]",0.351905482219274,-0.6224442378508505,5639776.0,0.35358631238384075,-0.6214643675232543,5645201.164990129
264,C3H7BR-D2,"[8.60824134e-01 1.30708704e+02 3.01467713e+04 6.50000000e+01
 2.45546875e+00 4.28320312e+00 7.73203125e+00 1.20000000e+01
 1.68921875e+00 5.06835938e+00]",-0.4934911010342361,-0.8453613481832987,6116955.31,-0.492468108422214,-0.8445149674744471,6118387.379074344
265,C5H10-5,"[8.74725410e-01 1.61906602e+02 2.59006910e+04 7.30000000e+01
 1.37265625e+00 4.15039062e+00 6.24453125e+00 1.50000000e+01
 4.06718750e-01 5.57226562e+00]",-5.5269310845106645,-1.4433339575597768,4207792.41,-5.518395767822571,-1.4416280462898885,4215798.16271621
266,C8H8O2-D4,"[1.28803694e+00 1.87878545e+02 5.11951306e+04 5.40000000e+01
 1.54140625e+00 5.76757812e+00 5.69765625e+00 1.10000000e+01
 4.71406250e-01 5.78320312e+00]",3.0128689802496695,2.5785465583351197,14841231.6,3.010639122752057,2.576241844961624,14840668.4859653
267,C3H7BR-D2,"[8.60824134e-01 1.30708704e+02 3.01467713e+04 5.50000000e+01
 2.51171875e+00 5.40429688e+00 6.00390625e+00 1.30000000e+01
 3.33593750e-01 5.66601562e+00]",-0.45082686703245073,-1.4349472471259994,4595745.57,-0.45010184887672566,-1.4333887797356937,4604540.0657515805
268,C11H22O2-D2,"[9.85034505e-01 3.48289166e+02 6.60584163e+04 7.70000000e+01
 8.55859375e+00 3.67382812e+00 3.16015625e+00 1.70000000e+01
 1.29265625e+00 5.22851562e+00]",0.6791533647444309,0.678177853837596,21758455.7,0.6796260180809813,0.6777716106985362,21751245.56491573
269,C8H14-D3,"[8.86339843e-01 2.35703746e+02 4.39172699e+04 5.60000000e+01
 8.41796875e+00 4.15429688e+00 7.46953125e+00 1.70000000e+01
 1.01984375e+00 4.66210938e+00]",-0.18868332878204688,-0.775084016144245,16905676.0,-0.1887134312069514,-0.7740763856258449,16891671.52799665
270,C8H18-2,"[7.87144705e-01 2.46633080e+02 3.96394829e+04 5.00000000e+01
 3.42578125e+00 3.70507812e+00 2.33984375e+00 1.50000000e+01
 2.46406250e-01 5.24414062e+00]",-0.4080930000198405,-0.5115908895336241,6329715.82,-0.4065404642304489,-0.5108085525094759,6337904.382087298
271,C6H12N2-E2,"[9.64677322e-01 2.09195638e+02 5.68603533e+04 4.70000000e+01
 1.56953125e+00 3.78320312e+00 2.36171875e+00 2.00000000e+01
 7.18906250e-01 5.41601562e+00]",0.1707951449204134,0.17081659662422483,7679844.25,0.17177564717335814,0.1709172078879756,7686698.663492337
272,C9H20-E1,"[7.89720174e-01 2.71143053e+02 4.16265793e+04 6.40000000e+01
 7.39140625e+00 5.28320312e+00 6.10234375e+00 1.00000000e+01
 4.60156250e-01 4.91601562e+00]",-1.0535096834165094,-1.9639457495777544,14843928.4,-1.051884783888317,-1.961712830567746,14843051.539970657
273,C8H14O,"[1.16896161e+00 2.50990366e+02 5.01842913e+04 6.40000000e+01
 1.11953125e+00 5.75585938e+00 4.86640625e+00 8.00000000e+00
 1.85234375e+00 4.43554688e+00]",1.842509564998183,0.8957826088279875,12753593.1,1.8418200569693317,0.895158978321305,12755378.830504708
274,C8H14-D3,"[8.86339843e-01 2.35703746e+02 4.39172699e+04 7.90000000e+01
 1.80859375e+00 5.59179688e+00 4.89921875e+00 1.40000000e+01
 1.14078125e+00 5.92382812e+00]",-0.26746630454002207,-0.6792480307510613,10831379.6,-0.26621092615958597,-0.6782982679318033,10838059.077419698
275,C10H22-3,"[7.91901853e-01 2.86875952e+02 4.43691860e+04 5.10000000e+01
 6.08359375e+00 5.03320312e+00 1.79296875e+00 1.60000000e+01
 1.26734375e+00 5.04492188e+00]",-0.3273749048323407,-0.3274505566017306,8453428.62,-0.32592077384533424,-0.32685217595413774,8459514.144830888
276,C4H9NO-D0,"[1.37054272e+00 1.54843778e+02 4.84589621e+04 4.30000000e+01
 7.77109375e+00 5.72460938e+00 3.66328125e+00 1.10000000e+01
 1.50640625e+00 5.16992188e+00]",2.6438950701269843,2.6069477859707826,9297992.0,2.640821493452326,2.604623233537926,9297712.570033092
277,C10H20-D5,"[8.53542616e-01 2.87822672e+02 4.94658765e+04 4.00000000e+01
 6.13984375e+00 4.70117188e+00 5.26015625e+00 1.60000000e+01
 7.21718750e-01 3.70117188e+00]",-0.3532203171613397,-0.9488308860783814,14822596.8,-0.35199113904569423,-0.9476117458619117,14822962.888345305
278,C6H10O4-D4,"[1.34808920e+00 2.63274811e+02 6.14487457e+04 4.90000000e+01
 3.65078125e+00 4.40039062e+00 7.48046875e+00 1.10000000e+01
 3.13906250e-01 3.64648438e+00]",3.8000585432691727,0.200741111871719,17566496.7,3.797413409214589,0.20081182851484292,17563474.3361445
279,C6H10O2-D6,"[1.28146076e+00 1.93244784e+02 4.82083777e+04 7.40000000e+01
 4.69140625e+00 5.34179688e+00 5.17265625e+00 1.40000000e+01
 4.43281250e-01 4.63867188e+00]",3.014427933222323,0.5594937598944462,10236797.3,3.012546514073656,0.5592060822838012,10241082.19253873
280,C5H9N,"[1.23781776e+00 1.63323670e+02 4.35937453e+04 5.90000000e+01
 7.72890625e+00 4.00585938e+00 1.84765625e+00 1.20000000e+01
 1.37703125e+00 4.41601562e+00]",1.6913214091530342,1.69016111582916,7793854.49,1.6906746453104802,1.6887439004207407,7800288.870038239
281,C11H14-N7,"[8.95610883e-01 2.44279385e+02 5.64638068e+04 6.60000000e+01
 4.36796875e+00 3.97460938e+00 6.75859375e+00 1.00000000e+01
 1.01421875e+00 4.61523438e+00]",-0.1168349866601997,-0.2040330941231935,31094169.3,-0.115567140164192,-0.20355800764391085,31077632.777702942
282,C2H5NO2,"[1.08495540e+00 1.34080774e+02 4.12957262e+04 5.00000000e+01
 2.16015625e+00 5.83007812e+00 2.28515625e+00 8.00000000e+00
 4.09531250e-01 4.26757812e+00]",0.7579877122881583,0.6430150792053699,3728909.46,0.7598255103222131,0.6426650786435604,3740130.7498951573
283,C6H6CLN-D3,"[9.72375427e-01 1.71318817e+02 6.02116942e+04 4.40000000e+01
 9.52890625e+00 5.47070312e+00 3.43359375e+00 1.80000000e+01
 1.19421875e+00 5.23242188e+00]",0.6509385917566682,0.6509388536515196,13394480.3,0.6514394347067595,0.6505598223008575,13395625.783937896
284,C9H12O-N7,"[1.08331311e+00 2.31503016e+02 6.48907482e+04 4.20000000e+01
 4.50859375e+00 5.00195312e+00 3.45546875e+00 1.30000000e+01
 1.16328125e+00 5.30664062e+00]",1.1080528912347452,1.1063561380498892,13355538.5,1.1083263820325022,1.1055221443817875,13357261.311975308
285,C9H22O3SSI,"[1.20534033e+00 3.42220322e+02 6.53720428e+04 4.60000000e+01
 6.15390625e+00 4.94726562e+00 7.87421875e+00 1.20000000e+01
 1.48953125e+00 5.51757812e+00]",2.4144593679866957,0.9103049944708502,49258886.6,2.407746354443682,0.9100637821266507,49130814.62845123
286,C8H16O2-D2,"[1.07239438e+00 2.59892180e+02 4.81854036e+04 6.10000000e+01
 4.12890625e+00 5.21679688e+00 5.81796875e+00 1.90000000e+01
 1.79890625e+00 5.81445312e+00]",0.8658587836643533,0.503105039200966,15612752.5,0.8658380914419834,0.5028736939139744,15610933.31286866
287,C8H16O2-D4,"[1.08297648e+00 2.58675192e+02 5.14594635e+04 5.50000000e+01
 7.57421875e+00 4.29492188e+00 2.04453125e+00 9.00000000e+00
 1.74828125e+00 4.76367188e+00]",0.9635039673795288,0.9439982136187858,10320440.4,0.9636225424242514,0.943332917016208,10329848.602505267
288,C10H22-E4,"[7.93683492e-01 2.91631418e+02 4.94343568e+04 5.70000000e+01
 4.22734375e+00 5.05273438e+00 7.78671875e+00 1.50000000e+01
 3.84218750e-01 5.99804688e+00]",-1.2056354087977297,-1.8810037437746188,23252790.0,-1.2042089650723786,-1.8788770785800963,23240673.14995715
289,C2CL5F,"[1.07828460e+00 2.12080922e+02 4.45293678e+04 6.50000000e+01
 9.44453125e+00 4.22851562e+00 7.76484375e+00 1.10000000e+01
 1.84953125e+00 4.73632812e+00]",1.3530605790562986,0.6373353601637806,16492872.0,1.3528575534911051,0.6369699187167026,16490921.833232295
290,C9H20-E5,"[7.90736044e-01 2.68947086e+02 4.39639944e+04 4.10000000e+01
 6.74453125e+00 5.44335938e+00 2.77734375e+00 1.60000000e+01
 1.97328125e+00 5.91601562e+00]",-0.4381245334969642,-0.4396472110837843,9772472.44,-0.4365456944042623,-0.4389367458662793,9777231.429700393
291,C10H22O4-D1,"[1.01458387e+00 3.08177534e+02 7.20484342e+04 4.80000000e+01
 2.56796875e+00 5.75976562e+00 5.11796875e+00 1.10000000e+01
 9.04531250e-01 3.66210938e+00]",0.9478924835764897,0.4604370608551721,32184313.4,0.9531478530131227,0.4608300327047138,32180367.68236809
292,C2H5NO2,"[1.08495540e+00 1.34080774e+02 4.12957262e+04 6.40000000e+01
 8.83984375e+00 4.61132812e+00 4.16640625e+00 1.10000000e+01
 6.90781250e-01 4.22070312e+00]",1.969781833351285,1.6313425158770936,8758532.29,1.9676941216725732,1.6299895224268255,8757807.577195557
293,C4H6O,"[1.12122663e+00 1.10171476e+02 3.23624585e+04 4.90000000e+01
 2.84921875e+00 5.10742188e+00 2.96328125e+00 2.00000000e+01
 5.52968750e-01 4.64257812e+00]",0.3899275113157186,-0.37303926764745127,3562362.5,0.3906098299472296,-0.3723953438319808,3573129.565956684
294,C5H10O2-6,"[1.12290641e+00 1.90780770e+02 3.77321061e+04 5.40000000e+01
 8.99453125e+00 4.65039062e+00 7.91796875e+00 2.00000000e+01
 7.04843750e-01 5.69726562e+00]",1.5095042223228676,-0.28641303249156314,12568744.2,1.509831617870206,-0.2859345481592668,12567544.698083054
295,C3H7CLO,"[1.07608815e+00 1.91297625e+02 4.88172558e+04 7.90000000e+01
 9.99296875e+00 3.70898438e+00 4.02421875e+00 1.00000000e+01
 1.10984375e+00 5.42382812e+00]",2.2765612506731334,2.2572767610916182,10380689.7,2.2754378258488943,2.25529299656669,10384845.976113118
296,C5H8O2-D3,"[1.20697950e+00 1.91011004e+02 3.93741714e+04 6.80000000e+01
 2.28671875e+00 5.91992188e+00 3.02890625e+00 1.80000000e+01
 4.40468750e-01 4.08007812e+00]",0.9866504345045569,-0.1364417171624725,4825314.13,0.9889743605140207,-0.1360340033624604,4837101.472916048
297,C8H16O3,"[1.19470135e+00 3.10199051e+02 5.19231185e+04 6.80000000e+01
 9.62734375e+00 3.61132812e+00 3.93671875e+00 1.10000000e+01
 1.79046875e+00 5.11914062e+00]",2.3275592611910385,2.25793990481503,18286017.8,2.326385149970691,2.2559554778088597,18282276.63409277
298,C3H7OCL,"[1.07579310e+00 1.47579814e+02 5.37090492e+04 4.60000000e+01
 9.66953125e+00 4.13476562e+00 5.90546875e+00 1.80000000e+01
 5.81093750e-01 3.51367188e+00]",1.791287228546257,1.5715423548706184,11572428.8,1.7896066787702969,1.5703167866904764,11568818.742571557
299,C4H9CL-3,"[9.01903726e-01 1.62869497e+02 2.89703517e+04 6.20000000e+01
 8.23515625e+00 3.79101562e+00 4.13359375e+00 8.00000000e+00
 1.54578125e+00 5.59960938e+00]",-0.06389496107891532,-0.7537536360754882,7965298.35,-0.06584473023755288,-0.7529407357158099,7962568.224996918
300,C2H3CL3,"[1.35875724e+00 1.24555897e+02 3.92754514e+04 4.30000000e+01
 5.11328125e+00 5.60351562e+00 3.89296875e+00 1.40000000e+01
 1.68640625e+00 5.98632812e+00]",1.5578233153820837,1.1404370016635532,6343441.15,1.5545795916307026,1.1395896214560728,6341692.575570731
301,C2H6N2O-N1,"[1.70583767e+00 1.74843175e+02 9.56233870e+04 6.50000000e+01
 4.95859375e+00 4.42773438e+00 7.43671875e+00 8.00000000e+00
 1.94234375e+00 4.02148438e+00]",8.27637188531827,7.487299532576009,28856684.2,8.241240750350233,7.476484508097278,28743313.69649021
302,C3H6O2-1,"[7.71058791e-01 8.62551619e+01 3.09690177e+04 5.50000000e+01
 3.45390625e+00 5.36914062e+00 4.41796875e+00 1.20000000e+01
 4.57343750e-01 3.64257812e+00]",0.08241163511485446,0.08135367172009422,5023655.43,0.08348026165834432,0.08154365653519777,5033163.352616297
303,C2CL4,"[9.71760149e-01 1.42321484e+02 3.94063516e+04 4.60000000e+01
 5.01484375e+00 5.20898438e+00 4.14453125e+00 1.70000000e+01
 1.09578125e+00 5.88476562e+00]",0.27984802153493016,0.038659094030850015,6761315.63,0.28079632591878234,0.03889173077171709,6769005.324934904
304,C8H12S,"[9.69950313e-01 1.92620909e+02 5.06181226e+04 7.20000000e+01
 5.97109375e+00 5.70117188e+00 5.44609375e+00 1.60000000e+01
 2.88593750e-01 5.84570312e+00]",0.36278554369786054,-0.6938870508171051,14565298.0,0.36747691206418975,-0.6929718853858975,14598684.630236752
305,C4H8O2-N1,"[1.11083011e+00 1.84229164e+02 3.82000248e+04 7.60000000e+01
 5.28203125e+00 4.29882812e+00 4.92109375e+00 1.20000000e+01
 3.58906250e-01 5.49804688e+00]",0.9621668711123642,-0.20386700285932247,7334861.9,0.9622549754182744,-0.2033920823536317,7340784.982814717
306,C6H14O2-D1,"[9.74857123e-01 2.12948627e+02 3.82079056e+04 7.40000000e+01
 4.66328125e+00 5.26757812e+00 1.32265625e+00 8.00000000e+00
 2.68906250e-01 5.52929688e+00]",0.3265704201447739,0.10676964149816377,4549208.82,0.3270425948246226,0.10693423237261573,4556109.503094092
307,C5H12S-D3,"[1.04092349e+00 1.90422259e+02 3.83977517e+04 7.70000000e+01
 8.17890625e+00 4.31054688e+00 4.56015625e+00 1.40000000e+01
 4.32031250e-01 5.97070312e+00]",0.8132285843374508,-0.3034131911646569,10590505.8,0.8133494441023199,-0.30283883177939264,10593234.964801084
308,C12H26O5,"[1.04235805e+00 4.09764782e+02 8.69450743e+04 7.40000000e+01
 8.76953125e+00 4.71289062e+00 6.95546875e+00 1.60000000e+01
 1.53171875e+00 4.81835938e+00]",2.0902359564168824,1.5567979194272508,64833604.3,2.0892989368346795,1.5555139339649244,64783362.048432216
309,C7H16-4,"[7.81610467e-01 2.21920528e+02 3.24478028e+04 8.00000000e+01
 8.61484375e+00 3.59179688e+00 4.57109375e+00 8.00000000e+00
 7.41406250e-01 5.86523438e+00]",-0.8474004624926889,-1.212340344144152,10633840.6,-0.8455244801285902,-1.2108579577148166,10637402.936273959
310,C8H18O-D1,"[8.31850544e-01 2.62279295e+02 4.08483566e+04 7.10000000e+01
 2.90546875e+00 5.53710938e+00 1.67265625e+00 1.30000000e+01
 1.70328125e+00 4.41992188e+00]",-0.1813921891222418,-0.18152279032046886,5898451.27,-0.18005984991769264,-0.18107019165717297,5907085.295185462
311,C8H18-8,"[7.87188257e-01 2.48193149e+02 3.80161459e+04 7.30000000e+01
 4.08671875e+00 4.59179688e+00 4.03515625e+00 1.80000000e+01
 8.42656250e-01 3.65039062e+00]",-0.7514172573302039,-1.2369933342592268,8510288.77,-0.7495157248354904,-1.2354863194681198,8516313.56516359
312,C5H11N,"[1.05287031e+00 1.61704140e+02 3.76432212e+04 7.30000000e+01
 3.94609375e+00 4.99023438e+00 2.75546875e+00 1.60000000e+01
 2.91406250e-01 5.47460938e+00]",0.5311043705021132,-0.13597581085507512,5661249.42,0.5318311986999141,-0.13556871366975193,5669844.415122457
313,C10H12-N1,"[9.06001004e-01 1.86008434e+02 4.89906262e+04 5.90000000e+01
 6.32265625e+00 4.61523438e+00 3.42265625e+00 9.00000000e+00
 9.60781250e-01 5.61914062e+00]",0.08902643721888436,0.06762650549258954,12979287.5,0.0889664062542499,0.06773350145524762,12995610.387082774
314,C4H8O2-3,"[1.25130400e+00 1.74879257e+02 3.56639410e+04 6.40000000e+01
 4.98671875e+00 4.00195312e+00 3.37890625e+00 1.40000000e+01
 2.71718750e-01 4.04101562e+00]",1.5316864226811988,-0.0902136499155618,5756183.37,1.5312379624907722,-0.08985226917474837,5764866.717892889
315,C6H10-D1,"[8.50394226e-01 1.45923317e+02 3.26382300e+04 4.60000000e+01
 1.58359375e+00 5.41210938e+00 5.82890625e+00 1.60000000e+01
 5.19218750e-01 4.19335938e+00]",-0.5534807459775107,-1.5985939749908706,4910742.01,-0.5521382251715921,-1.5967264207889413,4917816.425524242
316,C6H14-3,"[7.76950561e-01 1.94161509e+02 3.03262936e+04 4.10000000e+01
 2.30078125e+00 5.07617188e+00 5.75234375e+00 1.00000000e+01
 9.01718750e-01 5.73632812e+00]",-1.026038376753714,-1.502823354524587,5854503.8,-1.0183685389613768,-1.5009283057402287,5853201.958195882
317,C5H10-6,"[8.40453042e-01 1.54959705e+02 2.69929815e+04 7.00000000e+01
 3.28515625e+00 5.04492188e+00 7.51328125e+00 9.00000000e+00
 1.46140625e+00 4.81445312e+00]",-2.2398630854451937,-1.3498898167357376,5703208.42,-2.236945671520857,-1.348270018249191,5711180.943267068
318,C10H30SI5O5,"[1.24292987e+00 4.78208107e+02 5.82128436e+04 6.50000000e+01
 4.28359375e+00 4.99414062e+00 2.83203125e+00 1.10000000e+01
 6.06406250e-01 3.98632812e+00]",2.4099884706139427,0.5359646363793611,24290373.0,2.4087320179506237,0.5357004643866132,24280633.47700364
319,C7H6N2O4-E2,"[5.25808110e+00 2.35455980e+02 6.79049026e+04 5.00000000e+01
 8.58671875e+00 5.92773438e+00 4.46171875e+00 1.40000000e+01
 9.38281250e-01 5.09179688e+00]",16.245928934994556,0.42725120541788975,28145607.7,16.238096727166884,0.42709565613688283,28131844.758008275
320,C4H6CL2-E1,"[1.14000568e+00 1.91972513e+02 4.36940554e+04 6.90000000e+01
 3.27109375e+00 5.40039062e+00 2.18671875e+00 1.10000000e+01
 2.32343750e-01 5.08398438e+00]",0.6807920149287233,0.07562120047246147,4892034.39,0.6813128085256609,0.07581646954430507,4900012.068559682
321,C7H14O-E1,"[1.08014899e+00 2.41187022e+02 4.76946837e+04 6.90000000e+01
 3.79140625e+00 3.73632812e+00 7.16328125e+00 8.00000000e+00
 2.26718750e-01 4.95507812e+00]",1.4291921938036631,-0.36906576894605275,14698790.8,1.430915265052421,-0.3680678960719782,14720968.810066907
322,C8H16O-E1,"[1.10476224e+00 2.36049133e+02 4.99061297e+04 7.00000000e+01
 6.33671875e+00 4.07617188e+00 2.00078125e+00 8.00000000e+00
 1.82140625e+00 4.56445312e+00]",1.1707569790944117,1.1426241867603084,9867985.63,1.1706545181091792,1.1417539616640575,9872139.21846855
323,C3H4O2-2,"[1.70508993e+00 1.31293312e+02 3.17086633e+04 5.10000000e+01
 8.01015625e+00 4.33007812e+00 5.16171875e+00 1.30000000e+01
 1.16609375e+00 5.11132812e+00]",2.2601899583186262,0.3857073229705567,7007790.86,2.2596725228743164,0.3855447853807007,7007859.011181907
324,C6H10O-D0,"[1.21725441e+00 2.00158216e+02 4.25877183e+04 5.80000000e+01
 6.09765625e+00 5.50195312e+00 6.87890625e+00 1.10000000e+01
 4.29218750e-01 4.52148438e+00]",2.812743731320473,-0.485451300113852,11316489.2,2.807317218217084,-0.48448263730604824,11307207.748320257
325,C2H4O2-1,"[6.74802219e-01 8.07405944e+01 2.43134901e+04 5.10000000e+01
 8.64296875e+00 4.63085938e+00 7.71015625e+00 1.80000000e+01
 1.66953125e+00 4.45898438e+00]",0.28495138256063157,0.29007062494721253,8957236.52,0.2858178440711918,0.29005210131753373,8962814.81566498
326,C9H18-D3,"[8.72750574e-01 2.59230596e+02 4.32474652e+04 7.20000000e+01
 5.50703125e+00 3.75195312e+00 4.62578125e+00 1.10000000e+01
 1.66109375e+00 5.28710938e+00]",-0.21925695055450817,-0.30912695311900235,13103156.8,-0.21789155283008554,-0.308546877769594,13104590.318696149
327,C4H10S-D1,"[1.16120782e+00 1.73426397e+02 3.65211312e+04 6.30000000e+01
 9.20546875e+00 5.04101562e+00 1.60703125e+00 1.10000000e+01
 1.97609375e+00 5.31054688e+00]",1.0017550121199814,0.9600135447460008,6781704.91,1.001865927921859,0.9593257474701694,6789428.051520105
328,C3H6O-4,"[1.17848110e+00 1.25302411e+02 2.77556506e+04 4.60000000e+01
 8.22109375e+00 4.66210938e+00 4.36328125e+00 8.00000000e+00
 1.22234375e+00 3.86914062e+00]",0.7240778609563945,-0.5716388102355641,5391247.94,0.7216107455331415,-0.5708408786807428,5395527.461908041
329,C13H26-2,"[8.59216602e-01 3.61739038e+02 6.28384986e+04 7.40000000e+01
 3.84765625e+00 3.86523438e+00 3.32421875e+00 1.40000000e+01
 1.30953125e+00 4.80664062e+00]",-0.30669460356569184,-0.308232823945091,20634569.2,-0.305137793576876,-0.30771059700406833,20630190.1104408
330,C8H18,"[7.85293852e-01 2.54312771e+02 3.70168522e+04 5.90000000e+01
 1.65390625e+00 4.77539062e+00 4.26484375e+00 8.00000000e+00
 3.98281250e-01 4.50976562e+00]",-0.7939169812267702,-1.4493891060007051,7139555.42,-0.7929449211550286,-1.4476731952174178,7146246.211883375
331,C6H14O-E4,"[9.16026371e-01 2.09295026e+02 3.71664035e+04 6.00000000e+01
 5.07109375e+00 3.66601562e+00 1.72734375e+00 1.50000000e+01
 5.50156250e-01 5.81054688e+00]",0.1865811382677981,0.12640589769736424,6078300.06,0.18682639135390244,0.12653293712062397,6077828.717771145
332,C9H12-3,"[1.03542232e+00 2.14081959e+02 4.74466756e+04 4.40000000e+01
 6.02734375e+00 5.38085938e+00 2.29609375e+00 1.60000000e+01
 1.93109375e+00 4.12695312e+00]",0.5447578451101424,0.5446028119923612,8182017.62,0.5451841525472333,0.5443300104704477,8187432.61538364
333,C6H14-1,"[7.76907831e-01 1.97631730e+02 3.15493646e+04 7.90000000e+01
 7.89765625e+00 3.84179688e+00 4.22109375e+00 1.70000000e+01
 1.40796875e+00 4.13085938e+00]",-0.7791599885174135,-1.0101078595708466,9035806.64,-0.7815270136652743,-1.0099024368565508,9032366.836331565
334,C9H12O,"[1.05938770e+00 2.14926021e+02 5.10647535e+04 6.80000000e+01
 9.12109375e+00 3.90820312e+00 3.76171875e+00 8.00000000e+00
 1.24203125e+00 4.45117188e+00]",1.0470827668919125,1.0004177635487688,15112429.9,1.0468896768914462,0.9996922989687165,15109958.522795988
335,C9H22O3SSI,"[1.20534033e+00 3.42220322e+02 6.53720428e+04 4.20000000e+01
 9.54296875e+00 4.95117188e+00 7.90703125e+00 1.50000000e+01
 1.06484375e+00 5.72070312e+00]",2.2654694265117925,0.6172636809401706,50777855.4,2.268371555682177,0.6171141992759736,50803156.22952223
336,C8H8O-D1,"[1.29602841e+00 2.01240436e+02 6.47078332e+04 5.90000000e+01
 4.67734375e+00 3.81835938e+00 3.90390625e+00 1.00000000e+01
 1.21390625e+00 5.56054688e+00]",2.7793026537494003,2.759490710830722,14720428.9,2.7854957924875414,2.7573255621793775,14744808.889952064
337,C9H12-5,"[1.03542232e+00 2.15880735e+02 4.69960769e+04 5.80000000e+01
 9.78203125e+00 5.06835938e+00 2.14296875e+00 1.80000000e+01
 1.86921875e+00 4.99023438e+00]",0.7520597102619584,0.7519819559290243,9466432.61,0.7515804524037234,0.7515019065568654,9465783.776913572
338,C2H3CLO-D0,"[2.78958338e+00 1.22296290e+02 3.79062473e+04 4.70000000e+01
 8.33359375e+00 5.05664062e+00 1.62890625e+00 1.70000000e+01
 1.48671875e+00 5.59570312e+00]",2.922889359455278,2.9221971199645087,5506781.83,2.9314539059759666,2.91926706018723,5515983.384139795
339,C8H14-D1,"[9.84698455e-01 2.27157921e+02 4.17338849e+04 4.20000000e+01
 9.85234375e+00 3.77539062e+00 2.47109375e+00 1.90000000e+01
 6.14843750e-01 5.58007812e+00]",0.43346219974055006,0.36634376247263994,9686268.75,0.43418032362401693,0.36624904190237634,9691118.729119036
340,C12H16,"[9.25291919e-01 2.38337170e+02 6.19569498e+04 4.30000000e+01
 6.84296875e+00 3.69335938e+00 1.33359375e+00 1.00000000e+01
 1.99296875e+00 5.15429688e+00]",0.27265863420838604,0.27257768458718895,11480448.9,0.27353737619738794,0.2725766364224053,11483506.50397667
341,C10H14-6,"[9.91318748e-01 2.26272698e+02 4.81590818e+04 5.20000000e+01
 7.53203125e+00 5.65820312e+00 4.65859375e+00 1.40000000e+01
 5.67031250e-01 5.31445312e+00]",0.4809948814521037,-0.21967067250096126,13795907.3,0.48215203104340365,-0.21918214274782316,13789947.681314997
342,C5H8O2-D7,"[1.30765797e+00 1.87500794e+02 3.93713179e+04 4.00000000e+01
 3.21484375e+00 4.68164062e+00 4.01328125e+00 8.00000000e+00
 1.65828125e+00 5.40429688e+00]",1.6397598167865641,1.0222849962642497,6613991.28,1.6437572810759826,1.0215619583822755,6628373.739994102
343,C10H22-2,"[7.92739005e-01 2.97520773e+02 4.55696558e+04 6.10000000e+01
 7.01171875e+00 5.14648438e+00 1.58515625e+00 1.10000000e+01
 7.66718750e-01 3.73632812e+00]",-0.24664036819602464,-0.2509738295599817,7854751.07,-0.24524284599568302,-0.2504518492391038,7861430.749730914
344,C8H20SI,"[7.48972831e-01 2.51864193e+02 4.46156505e+04 4.10000000e+01
 2.98984375e+00 4.03710938e+00 4.60390625e+00 1.60000000e+01
 8.56718750e-01 4.95117188e+00]",-1.2055681328484715,-1.249239435198017,11871152.5,-1.2032126857358951,-1.2477201865398384,11873819.790208729
345,C20H40-D2,"[8.37203423e-01 5.47448274e+02 8.73813765e+04 5.80000000e+01
 3.18671875e+00 5.88476562e+00 5.09609375e+00 1.80000000e+01
 2.57656250e-01 5.49414062e+00]",-0.8062136091852937,-1.4884550446951132,65357440.2,-0.8042570727579044,-1.4866968194040702,65306674.63584481
346,C9H20O-E1,"[8.57908224e-01 3.95489200e+02 7.24560059e+04 7.40000000e+01
 2.89140625e+00 3.92382812e+00 6.04765625e+00 1.90000000e+01
 5.86718750e-01 4.97460938e+00]",0.039699181086825734,-0.23389865350865335,23402933.8,0.04081064979166538,-0.23339373130570895,23394080.829650994
347,C5H12O-D5,"[8.82172634e-01 1.90599809e+02 3.01033877e+04 5.70000000e+01
 5.73203125e+00 5.65039062e+00 3.22578125e+00 1.20000000e+01
 1.29546875e+00 5.40820312e+00]",-0.2203678583237701,-0.73310408630813,5332607.0,-0.21899717373448624,-0.732100457379112,5341806.225079183
348,C6H14-4,"[7.75904202e-01 1.94669764e+02 2.76548900e+04 6.90000000e+01
 6.60390625e+00 4.75976562e+00 3.63046875e+00 1.80000000e+01
 1.96765625e+00 4.77539062e+00]",-0.881633731646868,-0.9211339574749892,6667692.47,-0.8813428825375282,-0.9199437346845522,6672357.61296171
349,C18H30-D3,"[9.03682290e-01 4.63542832e+02 7.39331021e+04 6.40000000e+01
 4.62109375e+00 4.27148438e+00 3.52109375e+00 1.20000000e+01
 5.58593750e-01 4.89257812e+00]",-0.06581044988959907,-0.17588785634986667,34517804.0,-0.0648298316919218,-0.17544088699327315,34498695.03241185
350,C4H3F7O-N1,"[8.36599159e-01 2.29656584e+02 2.76460149e+04 7.10000000e+01
 5.52109375e+00 5.11914062e+00 4.21015625e+00 1.60000000e+01
 1.61046875e+00 5.90820312e+00]",-4.2722979214735375,-1.062983751132239,6626381.21,-4.267049280794447,-1.0616505720890852,6633868.982404084
351,C9H12O-N7,"[1.08331311e+00 2.31503016e+02 6.48907482e+04 7.60000000e+01
 9.81015625e+00 4.66601562e+00 5.70859375e+00 1.10000000e+01
 8.62343750e-01 4.85351562e+00]",2.3090737113553357,1.7568048065997561,22814162.9,2.306454170545014,1.7555903859534987,22823215.68343856
352,C7H14O2-D11,"[1.08347728e+00 2.43699306e+02 4.14690160e+04 4.50000000e+01
 1.16171875e+00 4.50976562e+00 3.29140625e+00 1.40000000e+01
 1.99578125e+00 3.54882812e+00]",0.494646850564966,0.46112694185887787,7312255.66,0.49673655760274593,0.4608815491314422,7329924.060643362
353,C6H16N2-D1,"[9.14975672e-01 2.32515097e+02 4.13954645e+04 5.10000000e+01
 8.93828125e+00 4.55664062e+00 6.21171875e+00 2.00000000e+01
 8.39843750e-01 4.13867188e+00]",0.06545018622255644,-0.8626041806023755,13946643.7,0.06653626988051031,-0.8614711809497871,13947237.56369415
354,C6H14O2-D5,"[9.74611104e-01 2.27100245e+02 4.32013899e+04 6.20000000e+01
 8.91015625e+00 4.39648438e+00 3.77265625e+00 1.90000000e+01
 5.95156250e-01 3.55664062e+00]",0.5511997225792905,-0.0795091837064618,10768778.3,0.5517891560315146,-0.07915849673808495,10772545.722686956
355,C16H32-2,"[8.53140500e-01 4.59335390e+02 7.84808050e+04 4.00000000e+01
 9.40234375e+00 4.61914062e+00 4.83359375e+00 1.50000000e+01
 4.46093750e-01 5.33398438e+00]",-0.36414452023069827,-0.5838997141207262,51320291.9,-0.3616477833550986,-0.5831088887032769,51193145.62596424
356,C5H10-1,"[7.69289886e-01 1.29668311e+02 2.84594206e+04 7.90000000e+01
 2.32890625e+00 3.99804688e+00 1.18046875e+00 1.70000000e+01
 1.99859375e+00 4.68164062e+00]",-0.3392200486683778,-0.07688428277828442,4265569.41,-0.3385358864156218,-0.076536250321319,4274458.384230822
357,C7H16-4,"[7.81610467e-01 2.21920528e+02 3.24478028e+04 4.20000000e+01
 8.19296875e+00 4.21679688e+00 1.30078125e+00 9.00000000e+00
 9.74843750e-01 4.87695312e+00]",-0.07618251614832665,-0.11573271680910709,6670092.65,-0.07518390581997059,-0.11534584249504198,6677798.142542326
358,C10H22-D2,"[7.93724298e-01 2.98403827e+02 4.67621768e+04 6.00000000e+01
 4.41015625e+00 4.72460938e+00 7.58984375e+00 1.40000000e+01
 1.84109375e+00 4.58398438e+00]",-1.2070836680904125,-1.4421676562220025,21740643.7,-1.2048567637865888,-1.4404556720782855,21733462.484099567
359,C8H14O3-D2,"[1.31620733e+00 2.63313579e+02 5.65836335e+04 5.30000000e+01
 9.43046875e+00 5.15820312e+00 5.48984375e+00 1.80000000e+01
 9.83281250e-01 4.40429688e+00]",3.8638816160060054,1.067456680639261,17445011.1,3.8583538298201763,1.0674144943333097,17439694.025368385
360,C6H14O-D1,"[8.73868585e-01 2.17038157e+02 3.56538299e+04 5.10000000e+01
 6.88515625e+00 4.06835938e+00 4.24296875e+00 1.70000000e+01
 1.94515625e+00 5.07617188e+00]",-0.10566238435811814,-0.15485283160350344,9265693.19,-0.10452246572628376,-0.1544268795625775,9270310.198985277
361,C12H18-D7,"[1.16538800e+00 3.13636374e+02 6.79254249e+04 5.80000000e+01
 6.21015625e+00 5.72070312e+00 1.15859375e+00 8.00000000e+00
 6.31718750e-01 3.54492188e+00]",1.0139866810880116,1.0105370723105531,9444790.53,1.014126297586312,1.0097988019802115,9449881.767204396
362,C10H22-D1,"[7.93724298e-01 2.95856157e+02 4.78687816e+04 4.40000000e+01
 1.96328125e+00 4.16210938e+00 5.40234375e+00 1.70000000e+01
 1.50921875e+00 4.71289062e+00]",-0.8379547929578135,-0.8731736491790143,15715570.1,-0.8359705940866682,-0.8720300906167587,15714386.3084474
363,C6H10-D1,"[8.50394226e-01 1.45923317e+02 3.26382300e+04 6.50000000e+01
 3.11640625e+00 4.67773438e+00 3.11640625e+00 9.00000000e+00
 1.59921875e+00 3.94726562e+00]",-0.2552557519548666,-0.41377821093090594,5359069.35,-0.25480484000541104,-0.4130955037033818,5365029.2569145765
364,C6H14S-D1,"[1.60349026e+01 2.17446278e+02 4.40528551e+04 7.00000000e+01
 7.74296875e+00 4.73242188e+00 3.09453125e+00 1.70000000e+01
 8.98906250e-01 4.18164062e+00]",2.6825439570777485,-0.23360898432385704,10793762.2,2.6810140341941793,-0.2331043515007175,10797505.770998847
365,C6H14-3,"[7.76950561e-01 1.94161509e+02 3.03262936e+04 4.70000000e+01
 3.08828125e+00 3.91210938e+00 2.12109375e+00 1.10000000e+01
 1.42203125e+00 5.99414062e+00]",-0.43330228802069287,-0.40055493955984134,4725866.33,-0.4424000332122311,-0.40089533122321375,4738088.140665222
366,C5H12S-D3,"[1.04092349e+00 1.90422259e+02 3.83977517e+04 5.30000000e+01
 3.96015625e+00 4.48632812e+00 5.19453125e+00 1.90000000e+01
 1.55421875e+00 4.70507812e+00]",0.5671751388116516,0.06715664841536827,9204874.92,0.5677104754452057,0.06736079381560905,9209485.082194868
367,C9H18O-D5,"[1.07726776e+00 2.68571376e+02 5.15724106e+04 4.00000000e+01
 3.39765625e+00 3.69726562e+00 7.86328125e+00 1.60000000e+01
 1.64421875e+00 4.45507812e+00]",1.33266788600368,0.7974664148122161,22745981.2,1.332994885366772,0.7969290692213191,22739336.427279644
368,C5H10O2-D6,"[1.16848675e+00 1.79884802e+02 3.73834851e+04 6.90000000e+01
 5.14140625e+00 3.98632812e+00 4.95390625e+00 1.20000000e+01
 1.80734375e+00 5.43945312e+00]",1.8044176222745978,1.1590954800227806,8789708.03,1.803766074128439,1.1582087996947246,8795453.686864479
369,C10H16-E2,"[9.05228866e-01 2.31190175e+02 4.87518207e+04 7.50000000e+01
 6.78671875e+00 5.19335938e+00 5.88359375e+00 1.70000000e+01
 1.81859375e+00 5.36132812e+00]",-0.04475007443138537,-0.21100569692983986,19588560.5,-0.04383909819357079,-0.21052369907723828,19583497.8168893
370,C7H16O-D1,"[8.67836601e-01 2.36451950e+02 3.87383248e+04 7.10000000e+01
 7.46171875e+00 4.75195312e+00 4.58203125e+00 1.70000000e+01
 7.35781250e-01 3.84179688e+00]",-0.18028876867304536,-0.9648901021548761,9766099.07,-0.17967244671122495,-0.9636549474147283,9767878.244669974
371,C7H14O-E2,"[1.08014899e+00 2.42384020e+02 4.52939870e+04 7.60000000e+01
 6.54765625e+00 4.02148438e+00 6.43046875e+00 1.20000000e+01
 9.55156250e-01 5.13476562e+00]",1.578925106686978,0.4452061983273572,15480383.7,1.5781302106316235,0.4450370881370212,15477119.22344515
372,C6H11N-D1,"[1.23361401e+00 1.99834298e+02 4.21592249e+04 4.20000000e+01
 2.65234375e+00 4.22460938e+00 1.80390625e+00 1.90000000e+01
 1.09859375e+00 3.71679688e+00]",0.8441889350232376,0.8443023157826264,4922431.26,0.848151928862617,0.8437361467756573,4940633.5850622915
373,C6H10-E2,"[1.01254661e+00 1.83639744e+02 3.25852694e+04 8.00000000e+01
 7.16640625e+00 4.10351562e+00 4.08984375e+00 1.90000000e+01
 1.89453125e+00 5.21679688e+00]",0.48360074920871327,0.02751200721268146,8647772.55,0.48395721422297877,0.02775577991768466,8652381.98645477
374,C10H22-E2,"[7.93683492e-01 3.00957425e+02 4.95661996e+04 4.60000000e+01
 4.84609375e+00 3.58789062e+00 5.56640625e+00 1.00000000e+01
 2.21093750e-01 5.28320312e+00]",-0.8414413684953967,-1.1503791257372622,16868873.2,-0.8390092136364196,-1.1491463311441845,16841733.892240357
375,C3H7OCL,"[1.07579310e+00 1.47579814e+02 5.37090492e+04 7.00000000e+01
 4.21328125e+00 4.34179688e+00 1.78203125e+00 1.90000000e+01
 1.35453125e+00 4.04882812e+00]",0.9493113954408091,0.9493175743241452,6076751.07,0.9491165696645414,0.948687862404365,6080996.250179196
376,C6H12O-1,"[8.23400858e-01 2.30865883e+02 6.24189966e+04 5.30000000e+01
 6.80078125e+00 5.27148438e+00 2.99609375e+00 8.00000000e+00
 8.20156250e-01 4.99414062e+00]",0.4024661846498871,0.3953455599749848,8976926.97,0.4023079066336882,0.39522296374037635,8994527.312527698
377,C10H22-E2,"[7.93683492e-01 3.00957425e+02 4.95661996e+04 5.30000000e+01
 2.72265625e+00 5.93554688e+00 2.65703125e+00 8.00000000e+00
 7.52656250e-01 4.18945312e+00]",-0.5463928050977835,-0.7220360932073765,8696761.52,-0.546882653475161,-0.7214176864924012,8725795.010939818
378,C14H22-D2,"[8.60083355e-01 3.42177614e+02 6.23334035e+04 7.40000000e+01
 1.82265625e+00 5.91601562e+00 3.94765625e+00 9.00000000e+00
 1.43046875e+00 3.81835938e+00]",-0.4162126499030362,-0.6045072293864172,26103140.2,-0.4148443906083954,-0.6036320688496495,26092026.51801292
379,C10H10-N1,"[1.09159502e+00 2.03996783e+02 5.20373660e+04 4.60000000e+01
 3.32734375e+00 4.29101562e+00 6.06953125e+00 9.00000000e+00
 1.82421875e+00 5.25195312e+00]",0.974788395329135,0.9351638333928004,18036333.1,0.9749568182560406,0.9345008610034358,18032716.125394236
380,C10H12-E1,"[9.79790384e-01 2.13094826e+02 4.95395223e+04 6.50000000e+01
 4.00234375e+00 5.24804688e+00 2.87578125e+00 9.00000000e+00
 1.21671875e+00 4.18554688e+00]",0.3321140430568209,0.2832342442308605,10105503.1,0.3325885476451236,0.28322254989518025,10108699.491550736
381,C10H22-D3,"[7.93724298e-01 2.95143358e+02 4.72238621e+04 4.50000000e+01
 4.80390625e+00 4.18945312e+00 4.76796875e+00 1.90000000e+01
 1.27015625e+00 4.41210938e+00]",-0.761092470721184,-0.8126813207898721,15068209.3,-0.7592462150562116,-0.8115981941241094,15067654.951224802
382,C8H18-10,"[7.87188257e-01 2.41175040e+02 3.91047984e+04 7.20000000e+01
 2.17421875e+00 5.84960938e+00 4.77890625e+00 1.80000000e+01
 1.03953125e+00 4.85742188e+00]",-0.9280997746777621,-1.4515030756028984,9659931.09,-0.9264210792414131,-1.4497817666278463,9664163.48049359
383,C3H4O2-1,"[1.05614689e+00 7.64616851e+01 2.79691398e+04 6.00000000e+01
 2.82109375e+00 5.36132812e+00 7.23984375e+00 1.80000000e+01
 5.41718750e-01 5.82617188e+00]",0.7927456983598739,0.43193771152158755,6404525.21,0.7931048728416636,0.4317774625306956,6412653.666813832
384,C6H12-2,"[7.78191849e-01 1.61398238e+02 3.16518628e+04 6.00000000e+01
 6.11171875e+00 4.10742188e+00 7.25078125e+00 1.20000000e+01
 9.27031250e-01 4.74023438e+00]",-1.033215905517942,-1.65011328036115,8804696.94,-1.031031077429353,-1.64819355833118,8810426.486473225
385,C10H22-4,"[7.91901853e-01 2.87839559e+02 4.28846019e+04 4.00000000e+01
 8.60078125e+00 3.54492188e+00 5.21640625e+00 1.30000000e+01
 5.22031250e-01 4.30664062e+00]",-0.7486962305520085,-1.0404101393718228,14762137.5,-0.7482939982429666,-1.0391179271160822,14775194.016736766
386,C2H3CLO-D0,"[2.78958338e+00 1.22296290e+02 3.79062473e+04 4.40000000e+01
 9.38828125e+00 5.30273438e+00 4.15546875e+00 1.10000000e+01
 1.02265625e+00 5.35351562e+00]",4.399010436740626,0.8386082384773159,6547847.82,4.387807762963286,0.8392771508924609,6547551.132080945
387,C10H16-D4,"[8.69448332e-01 2.38958442e+02 5.08869295e+04 6.70000000e+01
 8.40390625e+00 4.93945312e+00 5.74140625e+00 1.80000000e+01
 1.35171875e+00 5.00976562e+00]",-0.287392470357217,-0.45782480607560366,20321918.5,-0.2859846837003652,-0.4570961814225425,20316069.313051052
388,C4H8O2-4,"[8.20291281e-01 1.02464675e+02 3.56481043e+04 4.80000000e+01
 6.56171875e+00 4.74414062e+00 6.69296875e+00 8.00000000e+00
 1.72015625e+00 5.60742188e+00]",0.17553129433768555,0.17099326844958537,10171996.9,0.17650716137392664,0.1710937032180061,10176361.605440903
389,C6H5BR,"[1.03117122e+00 1.45649210e+02 4.47840696e+04 7.60000000e+01
 6.66015625e+00 4.09179688e+00 7.64453125e+00 1.70000000e+01
 1.63296875e+00 3.62304688e+00]",1.098741594181467,1.0353345047854878,13743994.1,1.098765792328153,1.0345712391347384,13743856.692900073
390,C2H3CL2F,"[9.45553140e-01 1.39390793e+02 2.64588966e+04 7.80000000e+01
 9.21953125e+00 4.97070312e+00 7.75390625e+00 1.00000000e+01
 5.72656250e-01 5.76367188e+00]",-1.318249358829581,-1.8943826287068148,7254379.9,-1.3164559677914311,-1.8922188813551752,7260932.196703636
391,C10H22-D4,"[7.93724298e-01 2.82703299e+02 4.68022483e+04 5.80000000e+01
 7.08203125e+00 5.10351562e+00 5.24921875e+00 1.00000000e+01
 1.38828125e+00 3.54101562e+00]",-0.8922802990710719,-1.3013472577590244,15403787.9,-0.8911916569509677,-1.2998810288988878,15408079.529600289
392,C8H18-6,"[7.87188257e-01 2.46927429e+02 3.89608589e+04 4.20000000e+01
 4.29765625e+00 4.62695312e+00 5.83984375e+00 1.70000000e+01
 1.70609375e+00 4.29882812e+00]",-0.8384326769062445,-1.0333173413707115,11544107.5,-0.8366736790341187,-1.0320137991147371,11547012.408496093
393,C8H14-D2,"[9.33465234e-01 2.18700080e+02 3.85186275e+04 8.00000000e+01
 7.56015625e+00 3.85351562e+00 7.57890625e+00 1.00000000e+01
 7.32968750e-01 5.75976562e+00]",0.16427846791993944,-0.7478070971790768,15752652.3,0.16496419600459367,-0.7467887819500137,15750367.242448522
394,C4H8CL2-D2,"[1.14939667e+00 1.64250797e+02 3.88114706e+04 5.40000000e+01
 9.68359375e+00 5.67773438e+00 1.14765625e+00 1.40000000e+01
 4.65781250e-01 3.51757812e+00]",0.8842069822011244,0.7835500770519803,5828103.08,0.8852015425160314,0.7830385656520368,5836332.489389626
395,C7H16O3-N1,"[1.04644778e+00 2.59638729e+02 4.78636388e+04 7.40000000e+01
 5.49296875e+00 4.28710938e+00 4.84453125e+00 1.40000000e+01
 1.46421875e+00 3.69726562e+00]",0.9703520737802849,0.6358135909178099,13225010.1,0.9704580378247796,0.6354496697197289,13226334.277080799
396,C4H10S-D2,"[9.86027457e-01 1.72686596e+02 3.08353532e+04 5.30000000e+01
 4.18515625e+00 3.80664062e+00 4.87734375e+00 1.30000000e+01
 7.83593750e-01 5.38867188e+00]",0.15730505792526187,-0.8276487265157758,6558119.98,0.1580237852044435,-0.8265534607392041,6565022.101961
397,C9H12O-N7,"[1.08331311e+00 2.31503016e+02 6.48907482e+04 7.80000000e+01
 2.91953125e+00 4.87695312e+00 6.58359375e+00 1.70000000e+01
 1.74546875e+00 5.27148438e+00]",1.801789079073531,1.713315434538014,28123876.3,1.8034005958996904,1.7121576326149182,28102733.713844396
398,C3H7CL-2,"[9.86285520e-01 1.36810535e+02 2.71537254e+04 4.40000000e+01
 1.51328125e+00 4.57226562e+00 4.34140625e+00 1.40000000e+01
 1.23078125e+00 3.59960938e+00]",-2.852121271904799,-0.7967464200590907,3195847.02,-2.8481422094268796,-0.795679212375077,3207169.885752227
399,C6H14O2-D6,"[9.12321097e-01 2.17176433e+02 4.73445664e+04 7.20000000e+01
 5.74609375e+00 5.34570312e+00 2.37265625e+00 1.90000000e+01
 1.50078125e+00 4.00976562e+00]",0.5703155999473694,0.5705733970690272,7218239.73,0.5708969820964022,0.5702746508897762,7225555.28519404
400,C5H12O-4,"[8.21949047e-01 2.55820988e+02 4.96644834e+04 6.30000000e+01
 3.62265625e+00 4.84179688e+00 1.11484375e+00 1.00000000e+01
 1.07328125e+00 3.52929688e+00]",0.2610943897969725,0.26340255716371647,4640725.12,0.26138710328041437,0.2634070924052274,4648468.223412739
401,C10H14-D3,"[1.07029438e+00 2.47087005e+02 5.30675889e+04 4.00000000e+01
 1.34453125e+00 5.52929688e+00 5.42421875e+00 1.30000000e+01
 1.58796875e+00 4.48242188e+00]",0.7071286487562772,0.32957209367382384,20868368.4,0.7075695448405925,0.32951410803742515,20862048.189128626
402,C10H12-N1,"[9.06001004e-01 1.86008434e+02 4.89906262e+04 6.70000000e+01
 2.52578125e+00 5.86523438e+00 6.86796875e+00 1.60000000e+01
 6.42968750e-01 5.63476562e+00]",-0.14075088636468963,-0.7070071887594737,22437984.2,-0.13952315058601505,-0.7060403320947501,22417908.400177404
403,C8H16O2-D4,"[1.08297648e+00 2.58675192e+02 5.14594635e+04 6.60000000e+01
 1.33046875e+00 4.06054688e+00 7.28359375e+00 1.60000000e+01
 1.43609375e+00 4.66992188e+00]",1.2814840283975375,0.5957155194583759,18432950.1,1.2810564341228843,0.5954056159398929,18423055.07112353
404,C4H10O2-D2,"[7.44256402e-01 2.13016657e+02 7.93337877e+04 6.70000000e+01
 7.20859375e+00 4.08007812e+00 6.37578125e+00 2.00000000e+01
 1.41640625e+00 5.00195312e+00]",-0.3858121936763067,-0.38581218952560015,23002783.4,-0.3842756386829922,-0.38515550554841305,22994330.180300344
405,CS2,"[8.76061755e-01 6.85187495e+01 2.74723511e+04 6.60000000e+01
 6.89921875e+00 4.38867188e+00 7.55703125e+00 1.70000000e+01
 4.93906250e-01 5.64648438e+00]",-0.48479769597178257,-1.468811022240656,5721164.24,-0.48316225436278826,-1.4670724213476696,5729975.375105541
406,C7H14O-E2,"[1.08014899e+00 2.42384020e+02 4.52939870e+04 6.10000000e+01
 4.25546875e+00 3.71679688e+00 4.97578125e+00 1.90000000e+01
 9.46718750e-01 5.41992188e+00]",1.1281104998874705,0.7099402042529729,12075397.8,1.128660952606507,0.7095039337392062,12079645.187909741
407,C6H12O,"[1.10201620e+00 2.15004592e+02 4.22183383e+04 7.50000000e+01
 4.83203125e+00 4.55273438e+00 4.98671875e+00 9.00000000e+00
 8.73593750e-01 5.93554688e+00]",1.372882886748536,0.3029863700993639,10612720.2,1.3723984026352096,0.3029549454513178,10614742.748654325
408,C3H6S,"[1.23484366e+02 1.17436092e+02 3.59627227e+04 5.50000000e+01
 4.32578125e+00 5.46289062e+00 4.27578125e+00 1.40000000e+01
 1.97890625e+00 5.67382812e+00]",5.781880629924012,-2.084364043252377,6881875.45,5.7755991352913325,-2.0820766217768294,6885660.179398463
409,C8H18O-D5,"[8.60868704e-01 2.55403493e+02 3.89476524e+04 7.10000000e+01
 7.50390625e+00 5.50585938e+00 5.29296875e+00 2.00000000e+01
 1.69203125e+00 4.96289062e+00]",-0.3426799887385202,-0.7935764434497616,13314647.4,-0.3415414350138788,-0.7925124025936353,13315601.300644232
410,C4H11NO,"[8.53076276e-01 2.14921849e+02 5.48412230e+04 4.10000000e+01
 4.17109375e+00 5.90429688e+00 1.55234375e+00 1.60000000e+01
 1.43328125e+00 4.16210938e+00]",0.3535189243122874,0.3540419587028992,4966489.91,0.3542971824902401,0.35395952764689104,4976038.796201976
411,C4H8O2-D7,"[1.45000831e+00 1.40353732e+02 3.94513151e+04 5.90000000e+01
 3.77734375e+00 5.48632812e+00 3.08359375e+00 1.40000000e+01
 1.86078125e+00 5.20898438e+00]",2.6350403910653304,2.6352639743587543,5639165.76,2.633518892361679,2.632902600230163,5647989.385755844
412,C7H6O,"[1.55425141e+00 1.72403699e+02 5.01562887e+04 4.30000000e+01
 2.41328125e+00 5.83398438e+00 5.39140625e+00 9.00000000e+00
 1.52328125e+00 5.20507812e+00]",3.6190012932852094,3.2121692459205486,11021543.1,3.6203466088240317,3.209678462199778,11038333.034804018
413,C3H10N2,"[1.06123935e+00 1.83074413e+02 4.57840910e+04 5.60000000e+01
 8.96640625e+00 5.21289062e+00 7.01015625e+00 1.60000000e+01
 1.19984375e+00 4.76757812e+00]",1.5760497957911568,0.813939777602502,10778244.1,1.5754532941365424,0.8134010532904595,10780596.509289458
414,C4H6O2-1,"[1.45392504e+00 1.49678870e+02 3.48186339e+04 6.30000000e+01
 7.13828125e+00 5.31835938e+00 1.13671875e+00 1.00000000e+01
 1.91984375e+00 3.93554688e+00]",1.4955522577992757,1.4884762840276937,5290900.67,1.493349938372993,1.4870371677982304,5293497.044550065
415,C10H14-E5,"[1.07029438e+00 2.50687050e+02 5.13636371e+04 7.40000000e+01
 1.92109375e+00 4.82617188e+00 5.36953125e+00 1.00000000e+01
 2.99843750e-01 5.82226562e+00]",0.912342977258742,-0.20475968243145568,15096670.4,0.912508901814688,-0.20428387008972726,15095886.802227637
416,C9H10O2-D0,"[1.34633066e+00 2.24815881e+02 5.92872068e+04 7.10000000e+01
 6.67421875e+00 4.79882812e+00 6.12421875e+00 1.40000000e+01
 4.26406250e-01 3.57226562e+00]",4.609129225521875,0.5402694781720996,23890626.5,4.605843794304301,0.5400010057392739,23882722.463247493
417,C8H7N-D1,"[1.34272847e+00 1.59089563e+02 5.69560478e+04 5.20000000e+01
 4.97265625e+00 5.25195312e+00 4.04609375e+00 1.00000000e+01
 3.42031250e-01 4.59179688e+00]",2.759454126274604,2.4157884152745575,12308075.3,2.757848557033579,2.4136462974487474,12310306.104376197
418,C4H10N2,"[1.41711743e+00 1.84545914e+02 4.98406454e+04 5.30000000e+01
 5.04296875e+00 4.04101562e+00 2.82109375e+00 9.00000000e+00
 1.18578125e+00 4.42773438e+00]",1.9725472327605098,1.9029487405662353,7909034.95,1.9761741098706525,1.9013611718874728,7926508.936772209
419,C7H9N-D2,"[8.13946811e-01 1.76348008e+02 4.50147237e+04 5.10000000e+01
 4.19921875e+00 3.85742188e+00 1.44296875e+00 1.70000000e+01
 1.31234375e+00 4.19726562e+00]",-0.13356648730843795,-0.13338665671541342,5839543.95,-0.13448894398362454,-0.13332551650712404,5846565.80360109
420,C11H16O,"[1.09674241e+00 3.03718314e+02 7.20474791e+04 4.50000000e+01
 8.36171875e+00 5.56835938e+00 4.59296875e+00 1.80000000e+01
 1.18015625e+00 4.59570312e+00]",1.610829595553127,1.0902686724237607,30619862.0,1.609564808717991,1.089566800194559,30616847.257866997
421,C5H10O2-D5,"[9.60926073e-01 2.35791300e+02 5.51207797e+04 4.90000000e+01
 6.95546875e+00 4.25195312e+00 6.81328125e+00 1.30000000e+01
 1.95640625e+00 3.79882812e+00]",0.8836701759802198,0.883595052568108,14821944.8,0.8839383757344994,0.8829835974423045,14821664.252125192
422,C7H3CL2F3,"[6.68941618e-01 2.19370134e+02 5.12062447e+04 6.80000000e+01
 1.21796875e+00 3.99414062e+00 2.72265625e+00 2.00000000e+01
 1.40515625e+00 4.24804688e+00]",-1.3943754110141016,-1.3941895517101193,9210213.96,-1.3915394873436113,-1.3925254977405008,9215567.226903941
423,C6H7N-2,"[8.17268327e-01 1.55466398e+02 4.45809772e+04 5.90000000e+01
 1.09140625e+00 5.27539062e+00 2.20859375e+00 1.20000000e+01
 1.36015625e+00 4.16992188e+00]",-0.23803815938989253,-0.236377496275226,4599389.38,-0.23717594956559052,-0.23587013934045054,4608278.629884101
424,C2H2CL2O2,"[1.30753428e+00 1.58992798e+02 6.20383511e+04 5.30000000e+01
 9.31796875e+00 5.85742188e+00 6.27734375e+00 1.00000000e+01
 4.68593750e-01 3.58398438e+00]",2.788694630169244,2.77837911092474,13193806.9,2.7870598496685246,2.775874764631747,13195152.857623022
425,C8H12-D2,"[8.59670042e-01 1.82390965e+02 3.65683933e+04 7.30000000e+01
 6.37890625e+00 5.95507812e+00 3.95859375e+00 8.00000000e+00
 1.77640625e+00 3.85742188e+00]",-0.19164226306505522,-0.44016915391417516,9227130.13,-0.19030503988809566,-0.4394581672752611,9232396.264924306
426,C17H34-D1,"[8.51550187e-01 4.79041923e+02 8.16533805e+04 4.20000000e+01
 4.11484375e+00 4.14257812e+00 4.81171875e+00 1.30000000e+01
 2.01406250e-01 4.94726562e+00]",-0.47306193574194666,-0.7978044644312926,51310996.1,-0.4714382181691461,-0.796736199759894,51274262.947533116
427,C7H6O2,"[1.09154949e+00 1.74655970e+02 7.64116738e+04 5.60000000e+01
 7.25078125e+00 5.93945312e+00 5.10703125e+00 1.20000000e+01
 1.68078125e+00 5.34179688e+00]",1.537018625072003,1.537017155807487,17553628.3,1.5372433649828536,1.535757503048273,17553564.3165111
428,C8H18O3-D1,"[1.02133405e+00 2.86623595e+02 5.83997153e+04 6.60000000e+01
 4.05859375e+00 4.76367188e+00 1.61796875e+00 1.10000000e+01
 7.47031250e-01 3.67382812e+00]",0.48393163359367913,0.4832013777250607,8622941.64,0.4845993134868636,0.4829899162804191,8628853.896583743
429,C6H14O2-D1,"[9.74857123e-01 2.12948627e+02 3.82079056e+04 5.60000000e+01
 6.61796875e+00 4.90039062e+00 1.90234375e+00 1.20000000e+01
 5.89531250e-01 5.79882812e+00]",0.42184741740212184,0.2766042388604529,6075641.32,0.42153693788400703,0.27659690757342503,6080732.803557521
430,C10H10-D2,"[1.02500279e+00 1.85475917e+02 5.15147799e+04 4.70000000e+01
 8.34765625e+00 4.91601562e+00 7.37109375e+00 1.30000000e+01
 3.05468750e-01 5.56835938e+00]",0.7576359590095797,-0.1494179735567792,20853927.2,0.7580220947702152,-0.1489974476375029,20847502.00022913
431,C3H7OCL,"[1.07579310e+00 1.47579814e+02 5.37090492e+04 5.70000000e+01
 5.83046875e+00 4.77148438e+00 2.44921875e+00 1.70000000e+01
 8.59531250e-01 4.44726562e+00]",1.261409442289911,1.2614187790335598,6708607.98,1.2628031534528996,1.2605707130009434,6716142.5501245465
432,C10H14-8,"[9.91370668e-01 2.51989001e+02 5.16376488e+04 7.70000000e+01
 9.37421875e+00 5.77539062e+00 7.21796875e+00 1.70000000e+01
 1.05078125e+00 5.15039062e+00]",0.6689012631466513,-0.31174642776717654,29909453.7,0.6691310474963246,-0.31116367201087425,29889985.40365638
433,C6H14S-D3,"[1.53575668e+01 2.24973535e+02 3.94431944e+04 4.10000000e+01
 8.67109375e+00 5.59960938e+00 4.50546875e+00 1.50000000e+01
 1.89734375e+00 4.38476562e+00]",2.6793817231923245,-1.0610653268172612,11275384.9,2.6777833061016425,-1.0597340642990463,11278145.121758327
434,C3H7NO,"[1.23540428e+00 1.43788141e+02 4.68904504e+04 5.50000000e+01
 9.61328125e+00 5.73632812e+00 7.80859375e+00 1.10000000e+01
 1.61328125e+00 5.66210938e+00]",5.564112279928363,3.5974589702622017,13145179.8,5.632738499790683,3.597488361575304,13164316.04402121
435,C5H12S,"[1.11689077e+00 1.97424868e+02 4.12418424e+04 5.40000000e+01
 8.46015625e+00 4.65820312e+00 1.53046875e+00 1.20000000e+01
 1.88609375e+00 4.11523438e+00]",0.8499255564152196,0.8478682016435464,8028580.76,0.851990178302557,0.8471186548820001,8039926.249537378
436,C4H8O2-1,"[8.20462764e-01 1.43004923e+02 4.01770262e+04 6.40000000e+01
 7.85546875e+00 5.57226562e+00 4.94296875e+00 1.60000000e+01
 3.53281250e-01 4.70117188e+00]",0.435019418138601,0.3703196628984148,9346811.24,0.4356281139907925,0.37022097039965374,9351832.64291362
437,C2H2CL4-D1,"[1.23500575e+00 1.63134765e+02 4.17780973e+04 4.50000000e+01
 9.27578125e+00 5.81445312e+00 4.38515625e+00 1.70000000e+01
 1.91140625e+00 5.19726562e+00]",1.557206768471251,1.164696656143312,9324045.87,1.5576904603726813,1.163804380284959,9330179.89268705
438,C2H2CL2-D1,"[1.00197474e+00 1.17357172e+02 2.64852204e+04 4.40000000e+01
 6.04140625e+00 5.15039062e+00 2.42734375e+00 1.80000000e+01
 1.69765625e+00 5.05273438e+00]",-0.17593639795242097,-0.418965593509308,4282229.8,-0.17529619462336732,-0.41827578924944464,4291792.647591883
439,C6H14O2-D2,"[9.02707773e-01 2.50146352e+02 5.62839311e+04 5.30000000e+01
 2.90303206e+00 4.31874338e+00 1.83833492e+00 1.90000000e+01
 1.26846642e+00 5.19775580e+00]",0.3236862627648544,0.32369617801596506,8124486.01,0.32450761255730987,0.3236440624251786,8130891.255303662
440,C9H18O-D4,"[1.04582834e+00 2.85974903e+02 5.50692282e+04 6.00000000e+01
 1.78228259e+00 4.84276635e+00 5.10788783e+00 1.70000000e+01
 9.76987183e-01 3.81895076e+00]",0.835345699568981,0.057261805250921644,15083900.8,0.8356621970533029,0.057475857864695695,15083358.554976502
441,C5H10O-1,"[1.25403630e+00 1.60157858e+02 3.76098215e+04 5.40000000e+01
 6.81325517e+00 4.92694576e+00 3.49267708e+00 2.00000000e+01
 1.29039467e+00 4.09306698e+00]",2.01280635794275,0.9858841206631093,7264590.53,2.011864202517091,0.9851704786560834,7271517.486720251
442,C2CL3F3,"[1.04800612e+00 1.78692688e+02 2.85390189e+04 4.60000000e+01
 3.21361956e+00 3.90170343e+00 2.30596917e+00 1.10000000e+01
 5.12072472e-01 5.74191356e+00]",0.06718778351019074,-0.6582594200857831,4197610.42,0.06825427355054714,-0.6573305610530912,4207905.770142421
443,C10H12,"[9.05726316e-01 2.34097290e+02 5.47970541e+04 6.10000000e+01
 4.69357144e+00 5.95594654e+00 1.78427232e+00 1.30000000e+01
 1.94504678e+00 5.66376781e+00]",0.12017901681597565,0.12014189514211776,8945797.28,0.12119499219037833,0.12029313048327323,8951359.243689455
444,C14H30-N7,"[8.01583484e-01 3.98752120e+02 6.65712216e+04 5.00000000e+01
 2.53798829e+00 5.17160805e+00 7.50563192e+00 1.50000000e+01
 1.22890284e+00 4.19994773e+00]",-1.171580988883102,-1.6254347491131318,53946771.2,-1.169772235872198,-1.623539693968175,53910945.203614905
445,C5H10O2-D4,"[8.49176622e-01 1.97190184e+02 5.83497857e+04 4.70000000e+01
 3.91311313e+00 4.56359110e+00 4.55327265e+00 1.10000000e+01
 4.06706285e-01 5.02655011e+00]",0.19449954222589527,0.16663191764950114,10595661.2,0.19545636698086433,0.16673670941172813,10599602.707767397
446,C10H14-4,"[8.92026023e-01 2.35421823e+02 4.82384631e+04 6.30000000e+01
 2.38926444e+00 4.70285025e+00 4.72812603e+00 8.00000000e+00
 8.05887701e-01 3.83603669e+00]",-0.1520952323968147,-0.5396406594191815,11505766.4,-0.15078451371043045,-0.5388303006468959,11508767.084694041
447,CH3NO2,"[1.15483700e+00 1.01995514e+02 3.82476524e+04 8.00000000e+01
 3.90118460e+00 5.52468611e+00 2.78248458e+00 1.60000000e+01
 1.56841015e+00 4.98909685e+00]",1.337897242150033,1.3388948306776487,4657414.17,1.3380549730008022,1.337829954297567,4664885.033621911
448,C9H18-1,"[7.93048547e-01 2.43515065e+02 4.50804320e+04 5.60000000e+01
 4.13981440e+00 5.82382286e+00 6.81433585e+00 2.00000000e+01
 4.23735002e-01 5.32716869e+00]",-0.9925859033630763,-1.8677472649227307,16032358.3,-0.990443183604176,-1.8656101263247669,16030868.54189291
449,C9H19NO3SI,"[1.27269729e+00 3.60688065e+02 6.83643817e+04 4.70000000e+01
 1.59846641e+00 5.35280162e+00 5.02131179e+00 1.80000000e+01
 4.51590278e-01 5.48816828e+00]",2.8581576218408182,0.8760941226525604,30971494.2,2.8564534477477013,0.875490160963236,30955080.230250396
450,C6H12-D2,"[8.68430151e-01 1.91813632e+02 3.05274296e+04 4.60000000e+01
 2.47839218e+00 5.53643680e+00 5.65638054e+00 1.40000000e+01
 8.45894871e-01 5.69300135e+00]",-0.5596083405501288,-1.428617398339326,5846045.21,-0.5578981630324649,-1.4269189509167703,5854731.588891756
451,C10H22-D4,"[7.93724298e-01 2.82703299e+02 4.68022483e+04 7.30000000e+01
 4.95221418e+00 4.44236107e+00 4.23875850e+00 1.10000000e+01
 1.54569688e+00 4.75680098e+00]",-0.8226662420332462,-0.873395127553146,14634598.2,-0.821886824872714,-0.8729894325377624,14653030.274851706
452,C9H18-2,"[7.93121300e-01 2.42743392e+02 4.43926272e+04 7.60000000e+01
 4.45502099e+00 4.85888215e+00 7.34530478e+00 1.60000000e+01
 4.10416473e-01 5.84958031e+00]",-1.160509933116928,-1.752857548633445,17899311.2,-1.1582146878519832,-1.7508351849768293,17895949.250192013
453,C11H16O,"[1.09674241e+00 3.03718314e+02 7.20474791e+04 5.30000000e+01
 2.25344865e+00 5.48506297e+00 5.34050929e+00 1.40000000e+01
 1.80900665e+00 5.47149303e+00]",1.7339095364959776,1.46417254986565,33224346.4,1.729571882502512,1.4629319686122377,33211490.230417177
454,C2CL6,"[1.09058144e+00 2.25489516e+02 5.38067824e+04 7.30000000e+01
 1.99568563e+00 5.61613073e+00 1.89242064e+00 1.30000000e+01
 1.63513166e+00 3.87479357e+00]",0.49383603970547674,0.4937365366003102,6784840.61,0.4944938252348361,0.4935145505214275,6792589.131349296
455,C7H12-D1,"[9.97726293e-01 2.00081249e+02 3.69518466e+04 6.90000000e+01
 7.48032883e+00 5.10286908e+00 5.85763911e+00 1.50000000e+01
 6.53238306e-01 4.36423998e+00]",0.4501507352174601,-1.0137640526423422,9841455.3,0.45084291287272327,-1.012480044126577,9846141.369756341
456,C3H8S,"[5.55226315e+01 1.49778272e+02 3.19116575e+04 7.70000000e+01
 6.25052615e+00 4.50212854e+00 4.23404063e+00 2.00000000e+01
 4.76032526e-01 4.96557458e+00]",2.757930602796525,-2.589462900139055,7264186.27,2.749759812226582,-2.5866716180400764,7267322.224333259
457,C7H16O-D1,"[8.67836601e-01 2.36451950e+02 3.87383248e+04 4.40000000e+01
 9.86357079e+00 5.59724522e+00 1.87263877e+00 1.90000000e+01
 1.76581345e+00 4.79709514e+00]",0.15084886249718188,0.15153611107160472,7612066.13,0.15152994020667232,0.15165597751336593,7618481.924533283
458,C6H8N2-D3,"[1.19660009e+00 1.89406079e+02 6.99485874e+04 5.60000000e+01
 1.49285475e+00 4.33799310e+00 6.61997414e+00 8.00000000e+00
 8.00298509e-01 4.49542173e+00]",0.8147436305947734,0.8147434801515975,22334942.4,0.8150808291202478,0.8142008078154208,22327156.354126517
459,C6H14S,"[1.08282931e+00 2.19673194e+02 4.53425757e+04 7.70000000e+01
 4.11711395e+00 4.36738300e+00 6.16250874e+00 1.30000000e+01
 6.04288681e-01 4.63109879e+00]",1.0756401400710882,-0.25368981183935135,13573396.3,1.0757213666476346,-0.2531651182494631,13574364.140761314
460,C7H12O2-D1,"[1.16377838e+00 2.63611086e+02 4.86322889e+04 4.70000000e+01
 5.48530995e+00 4.54731362e+00 7.40392131e+00 1.20000000e+01
 1.24505903e+00 5.08066072e+00]",1.7461216605134693,0.5888632109006257,16859365.7,1.7406170032541581,0.5890169373252464,16813515.92722526
461,C3H7NO,"[1.23540428e+00 1.43788141e+02 4.68904504e+04 5.90000000e+01
 6.08357020e+00 3.66427160e+00 6.42869332e+00 1.30000000e+01
 1.14390248e+00 4.60190687e+00]",5.533856221879979,5.529312295623166,10958411.3,5.3835711283803995,5.516300033891086,10947140.27873233
462,C7H12O4-N9,"[1.29142489e+00 2.82753817e+02 6.52071896e+04 6.20000000e+01
 2.39716221e+00 3.95482033e+00 7.03249935e+00 2.00000000e+01
 8.71956769e-01 4.17686168e+00]",3.9557820208674914,1.582982329695617,30339896.4,3.952981318958382,1.5816721859812741,30324113.39708356
463,C4H6O-D4,"[1.09580098e+00 1.18588731e+02 3.06743800e+04 5.60000000e+01
 1.22847720e+00 3.89038149e+00 6.01180560e+00 1.60000000e+01
 2.48772787e-01 4.05493040e+00]",-0.45989207492751755,-1.183947147272395,3639803.09,-0.4582665484937978,-1.1826158367814719,3649589.748861458
464,C6H12-14,"[8.18129972e-01 1.77670245e+02 3.26188238e+04 6.70000000e+01
 1.17739484e+00 3.76027145e+00 6.59941260e+00 1.00000000e+01
 1.37494299e+00 4.09545695e+00]",-0.7979903431509915,-1.1553451350923074,6662662.4,-0.7962809704193339,-1.1539196869338175,6669608.076937049
465,C5H12O2-D7,"[1.11314382e+00 1.98194282e+02 3.71614076e+04 4.90000000e+01
 7.50040239e+00 5.63924117e+00 6.81153905e+00 1.30000000e+01
 1.40255325e+00 4.01246074e+00]",1.2619618648073176,-0.09234619806544633,9498322.5,1.2593717412474894,-0.09201257249918998,9497936.202033225
466,C2HCL3O2,"[1.10834548e+00 1.69215831e+02 6.18262913e+04 7.60000000e+01
 1.11701731e+00 3.71377133e+00 2.45520379e+00 8.00000000e+00
 5.26583783e-01 4.95760390e+00]",0.5560171856015795,0.5558988788843027,7029867.05,0.5720007282530557,0.5571747905235653,7114205.678006534
467,C3H4O2-2,"[1.70508993e+00 1.31293312e+02 3.17086633e+04 5.90000000e+01
 9.05097004e+00 5.49963814e+00 3.97649453e+00 8.00000000e+00
 6.83619247e-01 4.85408554e+00]",2.1849495121865505,0.08474277347963083,5524648.28,2.1848167426103116,0.08496484980115496,5533113.025059095
468,C10H16-D3,"[8.72446260e-01 2.19318821e+02 4.63667458e+04 7.70000000e+01
 2.05975975e+00 4.94129119e+00 2.91838654e+00 1.50000000e+01
 1.37255670e+00 5.57435451e+00]",-0.1607948080190609,-0.16637660826521694,10081204.9,-0.16025804475999128,-0.16610762298990533,10098932.337140951
469,C9H10O2-D0,"[1.34633066e+00 2.24815881e+02 5.92872068e+04 4.00000000e+01
 2.23197067e+00 5.75004660e+00 7.11723054e+00 1.50000000e+01
 1.28093035e+00 5.16259169e+00]",2.6422532594021324,1.2808343747916415,27375795.0,2.641554391997987,1.2798260772130332,27363929.827721722
470,C4H8O2-5,"[1.16178244e+00 1.75985003e+02 3.60924055e+04 7.70000000e+01
 4.76893472e+00 4.45784632e+00 4.63242394e+00 8.00000000e+00
 4.99310064e-01 5.34508404e+00]",1.283088795332561,-0.35050309984338973,6981174.92,1.2838122208758733,-0.3498816105895044,6988181.338682657
471,C7H8,"[1.04502547e+00 1.55225892e+02 3.79322345e+04 6.40000000e+01
 3.20814199e+00 4.47323904e+00 3.02085616e+00 1.20000000e+01
 1.49428263e+00 4.24280429e+00]",0.4461172930179211,0.4110659329007489,6410087.06,0.4468779216507781,0.4109265348375501,6418111.154552726
472,C15H32,"[8.02914225e-01 4.47267373e+02 7.61178089e+04 6.40000000e+01
 4.24876507e+00 3.72895518e+00 7.42119503e+00 9.00000000e+00
 1.91042724e+00 4.61501443e+00]",-1.332208052439629,-1.377143823269107,67967095.3,-1.3297260470379595,-1.3754967979994688,67913722.68779285
473,C6H18OSI2,"[7.99176862e-01 2.77203437e+02 3.60568275e+04 6.20000000e+01
 8.85651252e+00 5.33056222e+00 6.64592804e+00 1.60000000e+01
 1.44609782e+00 5.62298913e+00]",-1.294237681382094,-1.6236929190814502,15083027.3,-1.291793608407403,-1.6217995910187928,15082485.92455601
474,C9H20O3,"[9.66505644e-01 3.27075225e+02 5.97111805e+04 6.00000000e+01
 2.99088498e+00 5.96917002e+00 7.60841538e+00 8.00000000e+00
 1.47003531e+00 5.81312079e+00]",0.9099481621125207,0.27138276820928975,36020718.9,0.9101690592485837,0.27138291376716134,35999260.663238496
475,C4H8O2-6,"[1.23993108e+00 1.80496684e+02 3.61106594e+04 6.30000000e+01
 9.23939468e+00 3.58486495e+00 5.88194187e+00 1.10000000e+01
 1.86391315e+00 5.92764561e+00]",2.8263692027781655,1.3520515491932086,10624012.8,2.8243853329404107,1.3509720600236954,10625914.643835647
476,C4H9N,"[1.10388565e+00 1.40305200e+02 3.72641788e+04 4.40000000e+01
 1.69257881e+00 5.24072194e+00 3.37912475e+00 1.70000000e+01
 3.17641413e-01 4.28822584e+00]",0.4278962390041213,-0.6026698673917585,3686640.72,0.42861989845991055,-0.601796542377742,3697484.3461345118
477,C11H16-D5,"[1.09632080e+00 2.43934459e+02 5.23319579e+04 4.30000000e+01
 4.75822698e+00 5.69779577e+00 7.61312416e+00 1.40000000e+01
 1.30414050e+00 3.91758487e+00]",1.1150164797897897,-0.2325651053300619,31958916.2,1.1147835323052173,-0.23206151538975917,31942667.03766863
478,C8H16O-D5,"[1.10509035e+00 2.73417871e+02 5.29348394e+04 4.90000000e+01
 9.48458597e+00 5.12411662e+00 5.25415756e+00 1.40000000e+01
 6.15205661e-01 3.94132008e+00]",1.6820747061573598,-0.23043069012402562,14030479.8,1.6818069705275343,-0.22990336885117302,14029592.142948845
479,C9H12O2-D1,"[1.08048564e+00 2.88629332e+02 9.06071699e+04 4.70000000e+01
 4.56617817e+00 5.39559619e+00 5.87214433e+00 1.00000000e+01
 1.66849962e+00 4.06110143e+00]",1.5131789614422744,1.4849499666074293,33838611.8,1.5129160467182423,1.4837377573232748,33819740.948624805
480,C6H10O-D0,"[1.21725441e+00 2.00158216e+02 4.25877183e+04 6.20000000e+01
 6.33645941e+00 4.95021552e+00 1.64040786e+00 1.90000000e+01
 6.78080077e-01 3.82378730e+00]",1.3785738833390586,1.3550343552625532,6107851.2,1.3829838873123865,1.353786962148924,6123630.337982507
481,C2HCL3O-D1,"[1.69335561e+00 1.48480214e+02 3.85914661e+04 5.00000000e+01
 7.51078102e+00 4.73968934e+00 1.56732351e+00 1.00000000e+01
 1.42986577e+00 3.69032715e+00]",2.207442031858708,2.15386661451896,6008234.1,2.206387917663138,2.1519861568337646,6016758.322573494
482,C6H10O3-D1,"[1.42626739e+00 2.01075846e+02 5.41817665e+04 7.60000000e+01
 8.17683419e+00 5.14612959e+00 6.95407210e+00 1.90000000e+01
 1.47505336e+00 5.59253332e+00]",7.554872359377604,2.1349692005895,18891161.7,7.548476162569667,2.1331076214396987,18886815.99448616
483,C8H16-13,"[7.87394619e-01 2.09926959e+02 3.88307520e+04 6.70000000e+01
 6.56750240e+00 5.38179160e+00 2.11023574e+00 1.90000000e+01
 1.76931835e+00 3.57311821e+00]",-0.3015837952468178,-0.30042040053910307,7232784.9,-0.2997448218732719,-0.2998490230454647,7239881.0739197405
484,C4H10O-5,"[8.93247900e-01 1.76486251e+02 2.71920621e+04 5.10000000e+01
 6.55234227e+00 5.95296545e+00 5.42269469e+00 1.10000000e+01
 1.34121027e+00 4.84996345e+00]",-0.8571456210205775,-1.337108286540885,5536771.54,-0.855181429509176,-1.3355012568124343,5545752.935465764
485,C6H13N-D2,"[1.01767700e+00 1.97178079e+02 4.55043478e+04 7.80000000e+01
 7.19097150e+00 3.66959265e+00 3.10674497e+00 1.70000000e+01
 3.21231083e-01 4.95542615e+00]",0.7054825987240685,0.40481514200028634,9460403.55,0.7059289491286782,0.4046819884834416,9465479.181299347
486,C4H8O-4,"[9.69777298e-01 1.24540286e+02 3.20157038e+04 6.70000000e+01
 6.89060093e+00 4.18314882e+00 7.65604494e+00 9.00000000e+00
 9.78202642e-01 5.85903980e+00]",0.21623902974765355,-0.8642725026876334,8421394.76,0.21808186815380892,-0.8631378282734269,8425474.220248649
487,C11H24O,"[8.66834847e-01 4.27219053e+02 8.74697111e+04 4.10000000e+01
 6.86500143e+00 4.42131586e+00 7.05050775e+00 1.40000000e+01
 1.94274817e+00 3.96381379e+00]",0.08819209762195714,0.008625749481803774,52719767.2,0.08925512185473394,0.008888389563878663,52681626.68379685
488,C4H10O-2,"[8.02646010e-01 2.36704133e+02 5.03661411e+04 4.20000000e+01
 4.53244201e+00 4.69984709e+00 5.20014384e+00 1.10000000e+01
 1.45096740e+00 5.65030599e+00]",0.05677601862032312,0.03239552488041014,8034132.65,0.058844452339432696,0.032396789853893576,8046371.084950616
489,C3H6BR2,"[8.47327707e-01 1.39479485e+02 4.19588787e+04 4.30000000e+01
 4.57230949e+00 3.83178939e+00 4.97278594e+00 1.60000000e+01
 1.64105606e+00 4.00037561e+00]",0.14700280257178425,0.1475185566224608,8494278.7,0.1480103286577703,0.1476424426514481,8500316.921322037
490,C5H10O2-D2,"[1.19090600e+00 1.78863568e+02 3.67583095e+04 4.40000000e+01
 6.72787225e+00 5.26618932e+00 1.22110301e+00 2.00000000e+01
 2.93548311e-01 4.85324084e+00]",0.9137967866990403,0.46926343278550303,4571649.03,0.9150160843266162,0.4690499217119913,4583552.870037919
491,C3H10SIO3,"[1.04864530e-02 1.96796386e+02 3.58837511e+04 6.00000000e+01
 5.99827196e+00 5.29800445e+00 2.59918319e+00 2.00000000e+01
 1.95462769e+00 5.12581422e+00]",-2.1588432884680087,-2.1274474239968595,7151792.36,-2.184551747096826,-2.125178335356209,7155212.048982247
492,C9H20-7,"[7.89789996e-01 2.58741032e+02 4.02832279e+04 5.70000000e+01
 4.11341493e+00 4.42759691e+00 7.91354695e+00 8.00000000e+00
 1.76065669e+00 4.94668852e+00]",-1.227664107658712,-1.5049226734373478,18125398.6,-1.2254907032512883,-1.50314799711012,18120355.612527825
493,C7H16O4,"[1.09888321e+00 2.49942732e+02 6.97124512e+04 6.90000000e+01
 5.38002047e+00 5.68355810e+00 7.30491305e+00 1.30000000e+01
 6.98290035e-01 4.98087582e+00]",2.3281161332484888,1.1570121220693095,33249931.5,2.3269414711319882,1.1561275230179302,33231241.369111534
494,C12H26O-D2,"[8.70104141e-01 4.04724790e+02 8.19579046e+04 4.80000000e+01
 6.60669925e+00 5.07890055e+00 6.13179116e+00 9.00000000e+00
 1.48848494e+00 5.77258130e+00]",0.08818514411971069,-0.11516284617931709,45923176.7,0.08924817529904328,-0.11477654116651181,45891825.984496154
495,C7H14O2-D5,"[1.11071768e+00 2.69892433e+02 4.84008958e+04 4.90000000e+01
 9.74255585e+00 3.95244238e+00 6.98069565e+00 1.40000000e+01
 6.45015934e-01 5.67687475e+00]",1.618256358939678,0.39272531962084833,18417241.2,1.6156909188265605,0.39261755457013553,18406981.651221056
496,C14H28-2,"[8.56932087e-01 3.94912514e+02 6.86186066e+04 6.10000000e+01
 4.23310032e+00 4.98237713e+00 2.14466711e+00 1.30000000e+01
 1.94494218e+00 4.14533358e+00]",-0.20546793586575016,-0.20562205227815902,16449330.3,-0.20411154496615236,-0.2051453784280921,16447423.986494152
497,C10H14-9,"[1.13609020e+00 2.38466533e+02 5.27463295e+04 6.10000000e+01
 4.03302859e+00 5.57220841e+00 4.01621267e+00 1.10000000e+01
 1.31086098e+00 5.26694304e+00]",1.2530805062182413,0.8803980063590574,17856674.6,1.252979805859466,0.8797897450856105,17853362.348132245
498,C5H10O2-D2,"[1.19090600e+00 1.78863568e+02 3.67583095e+04 4.60000000e+01
 1.33004284e+00 5.34100504e+00 5.64663169e+00 1.40000000e+01
 1.71950681e+00 5.51417538e+00]",1.2047347662756784,0.24874137836482338,7114463.76,1.2036145435261918,0.24881225930896722,7112098.31623718
499,C7H9N-D2,"[8.13946811e-01 1.76348008e+02 4.50147237e+04 4.50000000e+01
 5.06979125e+00 5.83468754e+00 3.21309273e+00 1.40000000e+01
 2.74831146e-01 3.87085800e+00]",-0.3732619384990569,-0.5844777525264107,6427600.09,-0.37096568628692506,-0.5836478995966412,6429358.168802454
500,C8H12S,"[9.69950313e-01 1.92620909e+02 5.06181226e+04 7.90000000e+01
 1.04445983e+00 5.87952946e+00 5.47383956e+00 1.90000000e+01
 1.01853174e+00 4.78899007e+00]",0.18982974543808226,-0.43909561576134776,16902429.2,0.19497007509500686,-0.43849573434491373,16902448.1827545
501,C8H10O-2,"[1.24829163e+00 2.66491254e+02 6.85333647e+04 6.70000000e+01
 2.25686129e+00 3.57493397e+00 3.15550959e+00 1.70000000e+01
 5.63336214e-01 5.18358108e+00]",1.7207347998979177,1.7080804962593223,11941350.3,1.7201669209733277,1.7066453793516092,11943947.64174896
502,C12H24O,"[1.02071953e+00 3.09921412e+02 6.64455584e+04 6.70000000e+01
 2.94107637e+00 5.14721368e+00 3.75705084e+00 1.60000000e+01
 3.91867455e-01 5.14461326e+00]",0.867685871734736,0.16957330044476876,25547926.4,0.8679697446781729,0.16967515376264486,25536930.729498286
503,C8H16-E2,"[8.59521495e-01 2.25627399e+02 3.86870475e+04 5.60000000e+01
 3.94329845e+00 5.16898346e+00 6.65492159e+00 1.70000000e+01
 1.63606457e+00 4.58895829e+00]",-0.48619930964228325,-1.0335717196661556,12620853.4,-0.48458290930833425,-1.0322679232712453,12622756.40847728
504,C4H10O2-D1,"[7.44035803e-01 2.12709489e+02 7.17890102e+04 5.80000000e+01
 3.13789718e+00 4.43312948e+00 2.59088739e+00 8.00000000e+00
 1.28620747e+00 5.17053200e+00]",-0.07791229684329411,-0.07792125442497287,10278146.9,-0.07668333415450812,-0.07757215379953458,10282405.604875771
505,C4H8OS-D1,"[1.80351648e+01 1.57707608e+02 3.99975382e+04 5.90000000e+01
 4.41807202e+00 5.65833412e+00 4.63357250e+00 1.40000000e+01
 2.46155718e-01 4.35311957e+00]",6.933723076772851,-1.3352576201612911,7334367.09,6.927947418349805,-1.333652439250402,7341566.632693376
506,C3H6O-D0,"[9.63308555e-01 1.10313044e+02 2.98151928e+04 5.60000000e+01
 6.22155132e+00 4.83400637e+00 5.25533565e+00 1.70000000e+01
 1.66337433e+00 5.29530769e+00]",-0.09876588372276357,-0.6610807315445415,5532431.23,-0.09751608827985225,-0.6601490540188838,5541430.909571076
507,C6H7N-D2,"[8.17268327e-01 1.59547097e+02 4.45667126e+04 7.80000000e+01
 4.16460419e+00 3.75355207e+00 4.40110231e+00 1.10000000e+01
 7.12771224e-01 4.26822491e+00]",-0.46386019403314294,-0.467749731853573,8310832.69,-0.46260799659756624,-0.4670112207926843,8314591.183548985
508,C12H24-D2,"[8.45085286e-01 3.40025951e+02 6.07255725e+04 6.20000000e+01
 3.80176929e+00 5.02583446e+00 6.01305472e+00 1.10000000e+01
 9.44388383e-01 3.80471523e+00]",-0.6359486097131809,-1.1929461014178346,32879411.7,-0.6345918350558082,-1.1914926773461758,32858474.100487225
509,C3H8S,"[5.55226315e+01 1.49778272e+02 3.19116575e+04 6.70000000e+01
 2.63294513e+00 4.81290846e+00 5.96332383e+00 9.00000000e+00
 1.22116200e+00 4.14140696e+00]",-2.3393039021036017,-3.070522900536184,5760974.98,-2.330030103431624,-3.0672410460927697,5767864.880832361
510,C4H12SIO2,"[1.13001275e+00 2.10504527e+02 3.46387592e+04 7.60000000e+01
 3.05271795e+00 4.03011210e+00 5.27686692e+00 1.30000000e+01
 1.71175035e+00 5.75005781e+00]",1.0853458388892199,0.3605038315679932,8927579.41,1.0853917638386434,0.3604149450945374,8933160.217844605
511,C5H8O2-D7,"[1.30765797e+00 1.87500794e+02 3.93713179e+04 4.90000000e+01
 8.02472964e+00 4.18701509e+00 6.75830023e+00 1.30000000e+01
 1.40158982e+00 3.73883828e+00]",2.947001954191946,0.6098036294403145,10442463.5,2.940737730678359,0.6095392015329931,10431467.970099641
512,C4H9CL-D1,"[1.02910921e+00 1.64447482e+02 3.18383755e+04 6.60000000e+01
 6.46384632e+00 4.86674353e+00 2.62362967e+00 1.30000000e+01
 1.27005740e+00 4.74191715e+00]",0.5281310514318227,0.008032167183135224,5794045.32,0.5271864408422144,0.007843836001393822,5797886.241994359
513,C8H14O3-D2,"[1.31620733e+00 2.63313579e+02 5.65836335e+04 4.50000000e+01
 7.25630099e+00 4.51079692e+00 3.99739730e+00 1.70000000e+01
 1.44638507e+00 5.97813998e+00]",2.963064146334832,2.853851585676589,16223497.5,2.966233903601406,2.8512842346679865,16226384.758849397
514,C6H12O,"[1.10201620e+00 2.15004592e+02 4.22183383e+04 4.40000000e+01
 7.51904935e+00 4.94596729e+00 2.91912467e+00 9.00000000e+00
 3.54184849e-01 5.73547719e+00]",1.0358676668637525,0.2689990267173359,7416609.9,1.03578661858003,0.2690018723682148,7420848.735083058
515,C3H6O3-D3,"[1.63039544e+00 1.44376835e+02 3.71382605e+04 5.30000000e+01
 3.03990762e+00 4.38749076e+00 1.48596690e+00 1.40000000e+01
 3.21702614e-01 5.50089127e+00]",1.2360419499026662,1.1331380387643957,3781249.32,1.2359725961550578,1.1322772899460882,3791998.4419349823
516,C7H14-7,"[8.83964989e-01 2.11183626e+02 3.56294549e+04 6.20000000e+01
 8.92071179e+00 5.12719342e+00 4.73070451e+00 1.20000000e+01
 7.99403444e-01 5.17371739e+00]",-0.09011350666307308,-0.8770462267971406,9571768.54,-0.08981467513655828,-0.8758988168746896,9574615.174797894
517,C9H10O-D1,"[1.21276268e+00 2.38201855e+02 6.94848106e+04 6.70000000e+01
 6.02005076e+00 5.32662628e+00 4.25643929e+00 8.00000000e+00
 1.21213427e+00 5.89406321e+00]",2.9137249748033445,2.398873213018401,22448284.3,2.911965203162687,2.396747993496543,22440385.030139152
518,C3H6O-3,"[1.52775675e+00 1.30544790e+02 3.02432395e+04 6.80000000e+01
 2.80840320e+00 4.83956921e+00 1.67673515e+00 1.30000000e+01
 1.56109399e+00 4.36892881e+00]",0.9025158156019663,0.710055965406769,3832894.28,0.9027603137325744,0.7096178760024052,3843537.923848627
519,C6H12O3-E2,"[1.37466924e+00 2.29388118e+02 4.81203330e+04 7.20000000e+01
 9.34460038e+00 4.08660520e+00 3.79521141e+00 9.00000000e+00
 1.98647030e+00 5.81750242e+00]",3.690041536995609,2.975616462126925,12823080.6,3.687475999911695,2.9729150755230407,12824595.976186104
520,C8H18-12,"[7.86132652e-01 2.41246372e+02 3.69897450e+04 7.40000000e+01
 5.68862180e+00 5.05896422e+00 1.62387102e+00 1.70000000e+01
 4.29884271e-01 5.56516908e+00]",-0.2726267489324853,-0.33888398869040226,5974304.16,-0.2717169080382802,-0.3382741862122486,5982345.42895562
521,C13H26-2,"[8.59216602e-01 3.61739038e+02 6.28384986e+04 5.20000000e+01
 4.57283365e+00 4.61800635e+00 5.20416033e+00 1.40000000e+01
 1.85490555e+00 4.74240871e+00]",-0.4254177279842772,-0.4510827853280132,36632109.9,-0.4234713108337631,-0.4504889070549266,36601541.167648494
522,C11H22O2-D1,"[1.00003988e+00 3.22406302e+02 6.12071656e+04 7.30000000e+01
 8.11027393e+00 4.26169785e+00 1.56643498e+00 1.30000000e+01
 5.12344127e-01 5.23737772e+00]",0.7915582961069532,0.7884407436887688,13127235.3,0.7919186568047798,0.7879243478125949,13128647.762717929
523,C5H11N-D0,"[9.17702691e-01 1.47783478e+02 3.30906446e+04 8.00000000e+01
 6.76874870e+00 5.55620141e+00 1.92767271e+00 1.90000000e+01
 1.86096294e+00 4.71765480e+00]",0.19589067350446257,0.20787433441867223,6025323.42,0.1968461067506876,0.20793792496534563,6033830.699780865
524,C6H11N-D1,"[1.23361401e+00 1.99834298e+02 4.21592249e+04 7.10000000e+01
 2.57354765e+00 4.75641519e+00 3.79064119e+00 9.00000000e+00
 8.61561960e-01 3.67043077e+00]",1.4514028039802436,0.21262693456799767,7106266.34,1.4517995059627107,0.212685777738525,7113883.415316572
525,C6H12-1,"[7.78088150e-01 1.57593317e+02 3.29306169e+04 4.50000000e+01
 9.66803600e+00 4.87382384e+00 7.76075513e+00 1.30000000e+01
 7.61269040e-01 4.76535466e+00]",-0.9102849461060266,-1.7753084479805135,9407778.82,-0.9082252045921673,-1.7732636558530217,9412906.83438817
526,C10H14-E10,"[1.01549581e+00 2.32203526e+02 5.03747032e+04 4.40000000e+01
 6.76743683e+00 4.04009546e+00 5.33711568e+00 1.60000000e+01
 4.73644736e-01 3.65337407e+00]",0.6208102022837345,-0.09455480521778101,14659155.6,0.6192397047150403,-0.09428266536194035,14656533.253835501
527,C8H10-1,"[1.08597803e+00 1.89341927e+02 4.35901762e+04 4.40000000e+01
 3.72947633e+00 3.75261453e+00 5.84512939e+00 8.00000000e+00
 1.11695983e+00 5.99174213e+00]",0.8757360869869599,0.4141928032026583,11307129.8,0.8761727161514485,0.4140502815951872,11309544.95277062
528,C8H16-11,"[7.89470679e-01 2.05160690e+02 3.77807506e+04 6.50000000e+01
 3.75628259e+00 5.05973959e+00 4.68929025e+00 1.30000000e+01
 4.35278678e-01 5.71651054e+00]",-0.752569897789273,-1.261235424996006,8900433.54,-0.7506531232308593,-1.2597041923320353,8906062.503316963
529,C7H15BR,"[8.82959591e-01 2.27015788e+02 4.89869432e+04 4.70000000e+01
 4.30983416e+00 4.53532438e+00 6.79276527e+00 1.70000000e+01
 1.58474881e+00 3.52757816e+00]",-0.22678193761404075,-0.51511698067849,16965780.9,-0.22558745249541423,-0.514331121094212,16962775.072780523
530,C4H10S2,"[1.84415185e+02 1.98592014e+02 4.54455710e+04 5.90000000e+01
 1.17273049e+00 4.14953302e+00 6.32202876e+00 9.00000000e+00
 1.16355824e+00 4.03800468e+00]",10.382266870389829,-2.693221160063646,12156827.3,10.373046103640819,-2.6902593722197876,12159209.201279368
531,C4H10O-2,"[8.02646010e-01 2.36704133e+02 5.03661411e+04 4.90000000e+01
 9.78286379e+00 5.50384278e+00 7.71703651e+00 1.40000000e+01
 3.97525158e-01 4.86989872e+00]",0.22709355961682795,-0.7184332283045419,10564475.5,0.22710220244611323,-0.7175203311741067,10561765.062956948
532,C9H12-3,"[1.03542232e+00 2.14081959e+02 4.74466756e+04 7.40000000e+01
 1.88274323e+00 4.72060284e+00 2.05034065e+00 1.20000000e+01
 1.52724274e+00 4.69004532e+00]",0.3445230592240893,0.3428082675278884,6878525.33,0.3452194460936385,0.342737059005336,6885446.596290191
533,C7H14-D2,"[8.57159895e-01 2.07887644e+02 3.56055554e+04 5.60000000e+01
 5.13502092e+00 5.46254136e+00 7.24459282e+00 2.00000000e+01
 1.61642610e+00 4.28851724e+00]",-0.5182887592181381,-1.3205171203092119,10643055.4,-0.5168903212482745,-1.318926680193662,10644391.164401669
534,C9H20-1,"[7.90694048e-01 2.81844265e+02 4.65198053e+04 4.40000000e+01
 6.94272448e+00 5.41093166e+00 2.85532500e+00 8.00000000e+00
 3.47909001e-01 5.91965009e+00]",-0.4512377888349643,-0.7016278924053311,9408894.46,-0.44992677163620254,-0.7006557082368856,9413489.206161516
535,C10H22-D5,"[7.93724298e-01 2.98494616e+02 4.72611131e+04 7.10000000e+01
 6.62197212e+00 4.45484910e+00 2.43981084e+00 9.00000000e+00
 1.30702334e+00 5.43658445e+00]",-0.4572114101630487,-0.4778258303357107,11569378.1,-0.4556822533807794,-0.4770772246394325,11572352.041219138
536,C4H6O-D4,"[1.09580098e+00 1.18588731e+02 3.06743800e+04 6.10000000e+01
 1.37756101e+00 5.92122194e+00 6.59099934e+00 1.10000000e+01
 1.96394659e+00 5.00470397e+00]",-0.32566639948058645,-0.5608162338426841,4649282.1,-0.3256826960229562,-0.560497878293488,4650533.74912964
537,C10H22-4,"[7.91901853e-01 2.87839559e+02 4.28846019e+04 5.80000000e+01
 8.57798698e+00 5.32122669e+00 6.43513213e+00 1.60000000e+01
 5.19371785e-01 4.86256730e+00]",-1.0689218161264105,-2.0194763138424268,17333051.3,-1.0688728015751587,-2.017409803534146,17371935.09567404
538,C7H12O-D1,"[9.18005015e-01 2.12174186e+02 5.88607291e+04 7.80000000e+01
 1.38856362e+00 3.91203704e+00 1.92210141e+00 1.70000000e+01
 1.67201359e+00 4.03377842e+00]",0.2398522488592179,0.23985381517226034,8320752.64,0.2407643216776184,0.23988545818571338,8326966.791089751
539,C11H22O,"[1.03620923e+00 3.06738714e+02 6.40848250e+04 7.50000000e+01
 6.72662219e+00 5.40280384e+00 2.12050144e+00 1.40000000e+01
 2.16796916e-01 4.11669716e+00]",0.9773821904279688,0.5683330359964693,12794154.5,0.9774559188816847,0.5680365279401458,12795798.072190057
540,C12H20O,"[1.05088143e+00 4.12977047e+02 8.71040561e+04 8.00000000e+01
 1.89260290e+00 4.50373579e+00 6.60049678e+00 1.00000000e+01
 1.19915291e+00 5.33267824e+00]",1.3517727682909881,1.0025815993489176,48658823.0,1.3515734741714482,1.0018512765440124,48624739.37110953
541,C9H20O-D1,"[8.57913878e-01 3.01210427e+02 5.96684591e+04 4.70000000e+01
 4.19846112e+00 5.45947946e+00 4.87958560e+00 8.00000000e+00
 1.56978337e+00 3.58827839e+00]",0.09582082068741264,-0.2204342622593729,14802563.5,0.09682314633693068,-0.21994279099557906,14802612.32084592
542,C9H18O-D5,"[1.07726776e+00 2.68571376e+02 5.15724106e+04 5.50000000e+01
 5.03749568e+00 5.30517735e+00 7.20337046e+00 1.50000000e+01
 9.04746257e-01 4.53155460e+00]",1.6390430058515562,-0.24677388334392253,21160704.9,1.6383909786115414,-0.2462439977144203,21158202.121141866
543,C6H14O-E4,"[9.16026371e-01 2.09295026e+02 3.71664035e+04 4.00000000e+01
 6.57630404e+00 4.38873253e+00 6.55938132e+00 9.00000000e+00
 1.25876408e+00 4.70243222e+00]",0.04192631248140347,-0.5351038319541052,10838744.7,0.04279762062876791,-0.5345291304249722,10825470.9121095
544,C4H6O-D3,"[1.55363937e+00 1.26334406e+02 3.20404469e+04 4.20000000e+01
 6.21985409e+00 4.90371147e+00 4.92462066e+00 1.50000000e+01
 1.41764229e+00 5.51247250e+00]",2.9309154259894674,0.7356009358229715,6007541.62,2.9294777275667894,0.7351373300334636,6014400.937655348
545,C6H10O-D2,"[1.27210383e+00 1.78234848e+02 4.20001451e+04 7.00000000e+01
 9.98512760e+00 5.83278333e+00 5.49795640e+00 1.30000000e+01
 1.34511926e+00 5.46412905e+00]",3.7740695906231227,0.9335403824320583,11560934.5,3.764714036231447,0.9334725893760969,11547790.729344549
546,C5H10-5,"[8.74725410e-01 1.61906602e+02 2.59006910e+04 5.60000000e+01
 8.55822057e+00 4.45958238e+00 5.00310590e+00 1.50000000e+01
 5.32057256e-01 4.40558860e+00]",-0.9369099186471734,-1.7176674643864562,5960257.55,-0.9400517546014127,-1.715686488649625,5964947.247317053
547,C2CL3F3-D1,"[8.22221795e-01 1.72868298e+02 2.80812844e+04 4.10000000e+01
 1.21772588e+00 5.57924261e+00 2.91149567e+00 1.40000000e+01
 7.37706032e-01 5.85169811e+00]",-0.9015455205700615,-0.6596990456886164,2962669.98,-0.8994937474679621,-0.6587687484685092,2974236.8536270186
548,C6H14O-D8,"[8.33852289e-01 2.77218908e+02 5.68085658e+04 5.70000000e+01
 8.85457225e+00 5.60483392e+00 2.30270992e+00 1.80000000e+01
 1.02473640e+00 4.70742218e+00]",0.505370086183269,0.5055106252693703,8121419.42,0.5060163349418024,0.5052768768641449,8127832.69783447
549,C6F6,"[1.10699200e+00 2.04382777e+02 3.54433897e+04 4.30000000e+01
 7.55145376e+00 4.74115288e+00 4.05795492e+00 1.70000000e+01
 1.57792322e+00 3.89727042e+00]",0.014722981947969458,-0.014580074278782931,7513319.7,0.015859401767544856,-0.01429425155558861,7520340.470010005
550,C6H14O2S,"[1.28846512e+00 2.75041329e+02 7.33927828e+04 4.50000000e+01
 7.76237577e+00 5.14238789e+00 7.69630235e+00 8.00000000e+00
 3.02698498e-01 4.20546769e+00]",4.622931985975153,0.3688229869604018,37461797.2,4.619464800529256,0.3687257896423981,37438899.41106958
551,C7H7NO3,"[2.77872244e+00 1.20674765e+02 7.36678364e+04 5.00000000e+01
 9.15629122e+00 4.12386550e+00 2.90364808e+00 1.70000000e+01
 1.00953172e+00 5.44177639e+00]",8.727375676263026,5.678392817926964,12124317.8,8.608037908372326,5.728315775617795,12222020.497587202
552,C8H18-1,"[7.87101545e-01 2.52050948e+02 4.14847982e+04 5.90000000e+01
 1.30252240e+00 3.65663301e+00 7.34506217e+00 9.00000000e+00
 1.15835723e+00 4.52773901e+00]",-1.09757084779432,-1.3877494400256358,12925168.0,-1.09514139329293,-1.3860918169300254,12925131.567795211
553,C7H15N,"[9.22009556e-01 2.05840064e+02 4.65297271e+04 7.60000000e+01
 1.19641057e+00 5.15947422e+00 7.74376104e+00 1.50000000e+01
 1.88628043e+00 3.63064470e+00]",-0.052009044278073416,-0.7668886672419457,14403095.1,-0.050802372131317775,-0.7658512874828239,14403233.423281051
554,C6H15N-D3,"[8.56254257e-01 2.12254341e+02 3.63203242e+04 5.00000000e+01
 7.57738868e+00 5.95324273e+00 2.79571044e+00 1.60000000e+01
 5.56575739e-01 4.91332564e+00]",-0.13111202362506874,-0.7164712840863999,6564170.67,-0.1300644840049574,-0.7154842714259277,6571102.563199079
555,C10H14-E8,"[1.01549581e+00 2.40474740e+02 5.05459833e+04 7.90000000e+01
 6.47674545e+00 4.37376593e+00 1.79867049e+00 9.00000000e+00
 6.05570474e-01 4.12741665e+00]",0.5642116946754724,0.5452414629569702,10187345.7,0.5645938360939271,0.5449680234041496,10192553.923219472
556,C12H18-D4,"[9.16580153e-01 2.88689691e+02 5.57260715e+04 6.30000000e+01
 5.71051820e+00 3.78692218e+00 7.02097785e+00 1.70000000e+01
 3.21803051e-01 5.26958774e+00]",-0.000998140082869332,-0.4933280419511698,35938699.4,0.0001541128143072168,-0.49256394953000104,35917323.18586883
557,C10H14-8,"[9.91370668e-01 2.51989001e+02 5.16376488e+04 5.60000000e+01
 6.85876120e+00 4.86357967e+00 1.43591174e+00 1.40000000e+01
 1.65152651e+00 4.64809969e+00]",0.4650749978570066,0.46504773109023534,8958237.54,0.465703162004661,0.464854213785767,8970923.79640169
558,C6H15N-D1,"[9.11393133e-01 2.15967069e+02 3.45875213e+04 7.20000000e+01
 2.81227404e+00 4.14655209e+00 2.15294447e+00 1.20000000e+01
 1.56215271e+00 4.79846465e+00]",0.03315821769763476,0.022765327145812555,5906143.73,0.03416547292196648,0.023013841775675448,5914570.272487942
559,C6H10-2,"[8.80366732e-01 1.52535284e+02 3.35183371e+04 4.20000000e+01
 5.17538239e+00 5.77305051e+00 4.77091259e+00 1.40000000e+01
 3.89852660e-01 5.14195026e+00]",-0.18761831452113528,-1.2636363965790294,5868762.41,-0.18668616281381323,-1.2621131849814318,5874504.607163137
560,C10H16-E5,"[8.86700912e-01 2.60957036e+02 5.05197430e+04 6.60000000e+01
 8.18122744e+00 4.48992618e+00 7.40563048e+00 1.40000000e+01
 4.84318681e-01 5.23974780e+00]",-0.19459971616313426,-0.8832151169027314,24564450.3,-0.19367812483283942,-0.882138434385631,24562734.440457474
561,C9H23NO3SI,"[1.11063981e+00 2.95833323e+02 5.56558744e+04 5.20000000e+01
 8.71461331e+00 5.76535814e+00 2.93833141e+00 2.00000000e+01
 4.53280750e-01 4.00503917e+00]",1.3822009384035523,0.598876613219561,18704626.1,1.382062326597426,0.5985207884188558,18715708.85272014
562,C7H10O2,"[1.24035070e+00 2.15228884e+02 4.71253562e+04 5.70000000e+01
 2.46010065e+00 3.53151880e+00 4.91828979e+00 1.40000000e+01
 1.49483652e+00 5.72564513e+00]",1.8261856342454035,1.6158025256090853,10223319.7,1.8255124011987012,1.614459594486238,10227633.177303342
563,C10H18-2,"[8.00896760e-01 2.26247584e+02 4.84476782e+04 6.90000000e+01
 2.68670750e+00 5.64544263e+00 6.73344460e+00 1.50000000e+01
 1.47843704e+00 4.28587528e+00]",-0.9826679295147074,-1.2976007186377025,24878335.8,-0.9805711289729426,-1.2960331570090546,24868000.67727939
564,C8H16-6,"[7.89389147e-01 2.12299654e+02 3.91052956e+04 7.30000000e+01
 5.13338677e+00 4.39449566e+00 4.45948713e+00 1.80000000e+01
 8.03374485e-01 3.93440398e+00]",-0.7018483288554178,-1.0093096607226344,9901743.46,-0.7004898476101007,-1.0080301038464734,9905687.137766946
565,C6H4N2O4-E1,"[6.74433074e+00 3.68345702e+02 9.00780989e+04 6.50000000e+01
 4.17137452e+00 5.60361888e+00 4.29901017e+00 2.00000000e+01
 1.34145585e+00 3.81566185e+00]",23.025850847100088,0.9118018331818367,27412837.0,23.00399912732739,0.9111621994540215,27399978.1323483
566,C8H18-14,"[7.86132652e-01 2.39656880e+02 3.73233683e+04 7.80000000e+01
 8.84084034e+00 5.41516194e+00 6.51913140e+00 1.60000000e+01
 6.68516344e-01 5.76798758e+00]",-1.180095363824709,-1.9379129500858587,14971119.9,-1.177765301992056,-1.935705715898322,14970690.319215856
567,C8H16-14,"[7.89308151e-01 2.19991072e+02 4.12244328e+04 6.20000000e+01
 1.99890522e+00 4.61763886e+00 4.22250790e+00 1.90000000e+01
 1.18396680e+00 4.45100137e+00]",-0.6536070047743087,-0.738059990544547,8909711.67,-0.6517102015490217,-0.7370514107641747,8914692.113492537
568,C7H14O-D8,"[8.36944749e-01 2.27883812e+02 5.94620099e+04 5.10000000e+01
 8.85478456e+00 3.78145098e+00 5.92580184e+00 1.50000000e+01
 3.73762046e-01 4.10473457e+00]",0.2265328577761597,-0.07537227810953487,15710218.9,0.2274576794515254,-0.0750257239139821,15709050.959521126
569,C4H10O2-D5,"[7.43815145e-01 2.02881575e+02 6.38131089e+04 5.90000000e+01
 3.71138735e+00 4.99589371e+00 3.08066465e+00 1.10000000e+01
 1.53774776e+00 3.62035709e+00]",-0.0748407011562821,-0.07483262586035072,7159458.08,-0.07355970043142257,-0.07448661077793395,7166825.742901467
570,C6H12O2-D6,"[8.67441348e-01 2.10840452e+02 5.80010132e+04 7.40000000e+01
 7.01024215e+00 4.98305393e+00 7.24611749e+00 1.00000000e+01
 3.42144492e-01 4.09877542e+00]",0.24457981037408658,-0.4955162321672474,16314226.8,0.246487800400093,-0.494749953741486,16312435.648516918
571,C7H14-4,"[7.84616149e-01 1.90714998e+02 3.45537795e+04 4.10000000e+01
 6.24526152e+00 5.98859379e+00 6.98987266e+00 1.40000000e+01
 3.14553637e-01 5.57843379e+00]",-0.8750948678463342,-2.0694485744611195,9013759.9,-0.8734428508977083,-2.067109939317519,9017734.650738511
572,C9H15N,"[1.08599136e+00 2.20754676e+02 4.81591087e+04 6.50000000e+01
 6.32527446e+00 5.25658443e+00 2.66203428e+00 1.40000000e+01
 3.87604645e-01 4.46127832e+00]",0.9794046957639759,0.1916821713344461,7907272.45,0.9789660940686051,0.1917449963475935,7917700.437444134
573,C6H12O-E3,"[1.15566404e+00 2.16873422e+02 3.85707550e+04 5.40000000e+01
 5.25244020e+00 3.61412186e+00 1.98016868e+00 1.10000000e+01
 1.94875884e+00 4.32836752e+00]",1.116254731836949,1.1065557108287267,6962343.71,1.116263395017559,1.105721517782583,6969902.182452904
574,C12H18,"[9.95369825e-01 3.10516831e+02 5.96436925e+04 6.80000000e+01
 9.93535155e+00 3.82872280e+00 2.92312068e+00 1.30000000e+01
 9.59290721e-01 4.52755269e+00]",0.6963407561879208,0.689632439045564,17726784.3,0.6966126124605094,0.6892147527630754,17723621.993751984
575,C14H30O-D1,"[8.74961926e-01 4.68341778e+02 9.59743529e+04 6.90000000e+01
 6.47114693e+00 4.27343179e+00 6.76653269e+00 2.00000000e+01
 1.67815691e+00 3.50391276e+00]",0.03674573810062703,-0.2471805543430998,64108371.0,0.03719810712548344,-0.24668334008218207,64067384.36154848
576,C10H14-E7,"[1.13609020e+00 2.52082837e+02 5.58231946e+04 5.50000000e+01
 2.08922500e+00 4.54736948e+00 6.25824633e+00 8.00000000e+00
 3.44324025e-01 4.38692823e+00]",1.4659454564116747,-0.17292285082267475,23699522.4,1.4656321141552606,-0.1724788435075285,23690373.13741794
577,C3H3CL5-N1,"[1.11257079e+00 1.89905272e+02 5.04370592e+04 6.70000000e+01
 7.10802961e+00 4.40479998e+00 5.15562554e+00 8.00000000e+00
 1.34497288e+00 5.78321737e+00]",1.3104300625166005,1.0043291943492314,15126375.2,1.3089815910517653,1.00364478426016,15112999.107977591
578,C4H10O-2,"[8.02646010e-01 2.36704133e+02 5.03661411e+04 5.70000000e+01
 3.65536637e+00 4.71500123e+00 5.04039921e+00 8.00000000e+00
 4.21405931e-01 4.89660599e+00]",0.028246265877391496,-0.33664329323138753,7223117.26,0.028807161047791574,-0.3361223971881755,7229278.047960224
579,C13H14,"[9.98452216e-01 2.74767754e+02 6.65471079e+04 6.90000000e+01
 6.87062484e+00 5.61401091e+00 5.84744979e+00 1.30000000e+01
 1.41133992e+00 4.18845294e+00]",0.6865327167935791,0.47135325649015886,37052009.2,0.6869979981343278,0.4711536313304671,37029520.78969115
580,C6H6CLN-D1,"[9.72375427e-01 1.88320628e+02 6.09794075e+04 6.30000000e+01
 4.34055181e+00 5.00268542e+00 5.93910104e+00 1.60000000e+01
 8.74195197e-01 3.91715050e+00]",0.5514172789260081,0.5514176842393619,17126050.2,0.5520175407398997,0.5511380746363643,17123467.84263801
581,C6H14O-D2,"[8.33852289e-01 2.67271035e+02 6.01541629e+04 4.50000000e+01
 9.01087332e+00 4.36469365e+00 2.08121823e+00 8.00000000e+00
 1.36248030e+00 5.09225579e+00]",0.4794204070624949,0.4755668333006202,9169712.68,0.48009197908840695,0.47536299877348553,9175079.135219278
582,C9H20-E1,"[7.89720174e-01 2.71143053e+02 4.16265793e+04 4.20000000e+01
 4.68666005e+00 4.27804374e+00 5.73984448e+00 1.50000000e+01
 8.56268711e-01 4.04473139e+00]",-0.8420393986367071,-1.2583362643410567,13086587.4,-0.8408151242124149,-1.2568083984889675,13088329.549577385
583,C8H16-D11,"[8.77850947e-01 2.27274398e+02 3.82194895e+04 5.80000000e+01
 7.19446812e+00 3.85138242e+00 4.39912790e+00 8.00000000e+00
 1.10981921e+00 5.91004352e+00]",-0.12157301241876112,-0.401349846530606,11006475.4,-0.12031442761275968,-0.4006776294958585,11005810.6017158
584,C12H22,"[8.04686385e-01 2.71170408e+02 5.74543926e+04 4.10000000e+01
 1.27860212e+00 4.46996690e+00 2.12017456e+00 8.00000000e+00
 1.56118451e+00 4.64630752e+00]",-0.3406563690120918,-0.34155909512561683,12920155.1,-0.3391649247327275,-0.34094662003394405,12921774.436044602
585,C13H26-2,"[8.59216602e-01 3.61739038e+02 6.28384986e+04 6.20000000e+01
 7.85711631e+00 5.58412490e+00 4.08308945e+00 1.10000000e+01
 6.66802815e-01 3.98655959e+00]",-0.32287272392274785,-0.8070116700846586,27900705.3,-0.3242352344915491,-0.8060431989074116,27913802.81117528
586,C4H9NO,"[7.24644054e-01 1.84522528e+02 4.49717629e+04 5.40000000e+01
 3.43222923e+00 5.91604346e+00 4.90396178e+00 1.20000000e+01
 1.24484168e+00 3.84799175e+00]",-0.3710907095543556,-0.3673285270102612,7321173.34,-0.369641810582614,-0.36669030823039206,7328256.608803327
587,C3H9NO,"[1.10638532e+00 1.74892850e+02 5.67653117e+04 6.50000000e+01
 5.40008049e+00 4.50444700e+00 7.95693872e+00 1.90000000e+01
 1.32213072e+00 4.92344340e+00]",1.8419875844516411,1.8420210825569365,13190895.3,1.844275042028082,1.840452388830474,13189958.553511485
588,C7H14-3,"[7.84616149e-01 1.90514002e+02 3.57599435e+04 4.80000000e+01
 4.55623969e+00 3.59864883e+00 4.32882226e+00 1.50000000e+01
 6.09949525e-01 5.91007212e+00]",-0.5925706563135593,-0.7164774344605731,8059499.23,-0.5908275490837187,-0.715490415573361,8065974.366106422
589,C4H8OS,"[5.09858991e+01 1.73503986e+02 5.03842579e+04 6.90000000e+01
 5.80047966e+00 5.67492290e+00 1.91456641e+00 1.80000000e+01
 4.24677465e-01 5.48552666e+00]",8.866758625910041,0.9449943151260537,6817972.51,8.862832145146132,0.944321349431473,6826690.407890516
590,C10H16-E5,"[8.86700912e-01 2.60957036e+02 5.05197430e+04 7.50000000e+01
 9.82665409e+00 4.51896052e+00 6.79263245e+00 1.70000000e+01
 1.23235211e+00 5.89011786e+00]",-0.14027005687265662,-0.3182298025877683,26098894.0,-0.13984742751550105,-0.31787216949834896,26088372.94479344
591,C6H14O-E3,"[8.71041370e-01 2.14347298e+02 3.29949369e+04 6.00000000e+01
 6.63933260e+00 5.81595652e+00 1.13381266e+00 1.40000000e+01
 1.43789968e+00 5.30676739e+00]",0.1382597447718106,0.14858973332493472,4920516.54,0.13927271794533147,0.14871254924732613,4930127.52254617
592,C6H4N2O4-E3,"[6.74433074e+00 3.01007727e+02 8.06625366e+04 4.50000000e+01
 3.69456030e+00 4.39678881e+00 6.63106045e+00 1.10000000e+01
 5.79268935e-01 5.89362005e+00]",20.030118627157247,-0.1623652258170059,36493438.3,20.011259646865014,-0.1619317655797874,36471507.90257806
593,C6H7N-1,"[1.09830487e+00 1.89630972e+02 5.55724427e+04 8.00000000e+01
 7.09139169e+00 5.57117325e+00 3.06233577e+00 8.00000000e+00
 1.52816513e+00 5.58536149e+00]",1.0847529512200644,1.0846776654129302,10428588.8,1.08482041016459,1.083865328556013,10432697.213267379
594,C9H10-E3,"[1.08714486e+00 2.07276705e+02 4.90863766e+04 4.50000000e+01
 7.78085130e+00 5.42230696e+00 5.60978361e+00 1.70000000e+01
 1.72265859e+00 5.03401029e+00]",1.0440201989023428,0.7479563357510536,14872501.1,1.0445337736919993,0.7474973386527041,14873536.58871402
595,C4H6O2-1,"[1.45392504e+00 1.49678870e+02 3.48186339e+04 5.90000000e+01
 1.69884401e+00 4.51885758e+00 3.84974542e+00 8.00000000e+00
 8.27876961e-01 3.77749525e+00]",1.5225576103167022,0.25820203121565233,4565531.1,1.52804805425788,0.2587952501745423,4572251.019600894
596,C6H15N3,"[1.24989831e+00 2.04487223e+02 6.01329271e+04 7.80000000e+01
 1.65084828e+00 5.88778802e+00 4.65803620e+00 1.10000000e+01
 3.38351735e-01 4.75156067e+00]",2.195939682325365,0.27926426304120144,18064204.5,2.1965137673860733,0.27925677599951687,18072271.415741153
597,C7H14-4,"[7.84616149e-01 1.90714998e+02 3.45537795e+04 6.80000000e+01
 1.45203410e+00 3.68225459e+00 3.82011298e+00 1.10000000e+01
 6.18291782e-01 4.20251125e+00]",-0.5405095238197535,-0.8094681044311202,5548213.58,-0.5394333754277161,-0.8083881948403743,5556265.408248151
598,C12H24-D2,"[8.45085286e-01 3.40025951e+02 6.07255725e+04 7.80000000e+01
 4.64592425e+00 5.76527751e+00 3.25046991e+00 1.40000000e+01
 6.06852196e-01 5.10119011e+00]",-0.4000040368139681,-0.6105379018587549,21422162.8,-0.39936369578073494,-0.609672824700089,21426887.832246266
599,C6H10S,"[1.35368421e+00 2.02044096e+02 4.19476184e+04 6.50000000e+01
 1.64598226e+00 5.20654305e+00 2.69352176e+00 1.70000000e+01
 1.68056263e+00 5.50989627e+00]",1.4150978216511956,1.3609478993093316,6633804.96,1.4401457358192429,1.3598752996984156,6672895.347849993
600,C5H13NO2,"[8.17203004e-01 2.37962102e+02 7.38358785e+04 6.10000000e+01
 2.28588365e+00 5.43836538e+00 2.89986566e+00 1.40000000e+01
 7.11693367e-01 3.83457091e+00]",-0.024152766070145878,-0.024152674056728458,12348276.9,-0.022977509215890146,-0.0238572882967929,12350467.542937724
601,C2H2CL2-D1,"[1.00197474e+00 1.17357172e+02 2.64852204e+04 7.90000000e+01
 1.80360572e+00 5.21754817e+00 4.45669828e+00 1.30000000e+01
 1.33888138e+00 5.25964273e+00]",-3.227361989218519,-0.8067580992857564,3564409.14,-3.223381240038937,-0.8056808899275659,3574299.3771814294
602,C2H6O2,"[6.89603619e+00 1.48435317e+02 6.72237013e+04 4.60000000e+01
 7.41741446e+00 5.16596353e+00 7.76233254e+00 1.70000000e+01
 1.91139087e+00 5.25635125e+00]",15.170305993905638,2.161648812067178,16473515.5,15.156301971288984,2.1597605799588577,16471585.025455192
603,C10H15N-E2,"[1.05186883e+00 2.87824073e+02 6.56201674e+04 5.20000000e+01
 2.22940813e+00 5.12909940e+00 6.17018221e+00 1.20000000e+01
 1.36069869e+00 4.48782727e+00]",0.9727676987446048,0.8183096878591276,27614586.0,0.9734901046453983,0.8178147252657015,27609911.56868495
604,C5H12S,"[1.11689077e+00 1.97424868e+02 4.12418424e+04 4.80000000e+01
 9.01193502e+00 4.21852399e+00 3.57450191e+00 8.00000000e+00
 4.00721982e-01 4.78965476e+00]",1.0612283521097505,0.1168821994778003,9528008.72,1.0596772955964209,0.11732061862679671,9523710.606221281
605,C5H10O2-5,"[1.11507219e+00 1.98155181e+02 3.96454237e+04 7.40000000e+01
 1.13224050e+00 4.44773512e+00 3.36141883e+00 8.00000000e+00
 4.23863118e-01 4.53410669e+00]",0.6417690755674363,-0.20754978684227027,5212916.1,0.6422594893855609,-0.20707118718344802,5222222.089814648
606,C8H14-D2,"[9.33465234e-01 2.18700080e+02 3.85186275e+04 5.50000000e+01
 1.01218263e+00 4.24950132e+00 5.52521119e+00 2.00000000e+01
 1.72470949e+00 3.55898741e+00]",0.0010440280948320374,-0.3955552279948482,9295056.5,0.0019711811192810735,-0.39488881380298646,9300711.994213846
607,C4H11NO-D1,"[1.05869677e+00 1.86895374e+02 4.02643229e+04 7.20000000e+01
 8.02338511e+00 4.64498940e+00 3.78603705e+00 1.10000000e+01
 3.18250746e-01 4.07058841e+00]",1.093285283743236,0.026537497284850043,8160851.44,1.0930473293433403,0.026783627024746987,8165597.811094794
608,C8H16O-D5,"[1.10509035e+00 2.73417871e+02 5.29348394e+04 6.20000000e+01
 9.66491515e+00 3.68901260e+00 3.55976524e+00 1.00000000e+01
 5.52499551e-01 3.85200737e+00]",1.7285628055438986,0.8241684253871867,13059999.1,1.7281690195266104,0.8235926504699771,13062057.101294858
609,C4H10S-D2,"[9.86027457e-01 1.72686596e+02 3.08353532e+04 7.20000000e+01
 6.20468559e+00 3.86740677e+00 6.67786639e+00 1.60000000e+01
 8.98698271e-01 5.18532574e+00]",0.2598888277288955,-1.067742186188808,9052134.8,0.2603639053294512,-1.066406560515584,9054541.9871078
610,C6H14O-E1,"[8.33852289e-01 2.59524530e+02 5.70380789e+04 5.40000000e+01
 9.25737259e+00 4.22626126e+00 4.28991788e+00 1.90000000e+01
 1.47389843e+00 3.65550807e+00]",0.3302052397645858,0.3284175268326833,12626730.0,0.331026494579702,0.32836069460971234,12628642.474498855
611,C3H5CL,"[1.30802897e+00 1.24055052e+02 3.02041223e+04 4.00000000e+01
 6.67829611e+00 4.61918356e+00 1.93992396e+00 2.00000000e+01
 1.15338750e+00 4.10473324e+00]",0.9727944429068155,0.12891541888278335,4913671.52,0.9729597315187659,0.12905788946495714,4923225.472796751
612,C5H4O2,"[7.86815437e-01 1.46582088e+02 4.85592816e+04 4.60000000e+01
 5.00987475e+00 4.02296366e+00 1.34985320e+00 1.80000000e+01
 1.96614655e+00 5.48285718e+00]",0.14126627984763307,0.14138860061191527,6111950.36,0.14227644818320995,0.14151861047308095,6120371.078836879
613,C5H10O3-D2,"[1.01803406e+00 2.01946870e+02 5.15554516e+04 5.00000000e+01
 4.93296297e+00 4.98390234e+00 1.51157093e+00 1.60000000e+01
 1.96612011e+00 3.97526912e+00]",0.9819100774224647,0.9819465620284739,6157789.51,0.9820642941813811,0.9812368536464662,6166257.992364001
614,C5H14N2,"[1.04546984e+00 2.07771784e+02 5.19307336e+04 7.70000000e+01
 9.49331434e+00 5.90033901e+00 4.65021747e+00 2.00000000e+01
 1.56315837e+00 3.90417859e+00]",1.558344227460002,1.345162775684981,13555998.4,1.5580760960511757,1.3440902139426818,13556787.314468091
615,C6H8S-D2,"[1.04024085e+00 1.40188115e+02 4.07744094e+04 6.90000000e+01
 3.22606284e+00 5.10153796e+00 5.66620335e+00 1.00000000e+01
 1.21715356e+00 5.42906728e+00]",0.5682153344936632,-0.006520711104777299,8924146.43,0.5687988150332612,-0.0062429396934451376,8929757.782697948
616,C3H4O3,"[1.67896404e+00 1.11917386e+02 6.00364739e+04 4.00000000e+01
 1.08134622e+00 4.39257336e+00 7.48335848e+00 1.00000000e+01
 1.34185464e+00 4.05518968e+00]",3.3206393042999665,3.3206229616310696,15541397.0,3.318473110544055,3.3175769131895185,15540397.712767879
617,C10H22-D4,"[7.93724298e-01 2.82703299e+02 4.68022483e+04 7.00000000e+01
 9.26583789e+00 5.87732149e+00 5.03985810e+00 1.20000000e+01
 1.61758835e+00 4.12750346e+00]",-0.9056448437558448,-1.2759514169975703,16888907.3,-0.9053299360319718,-1.2747658571405553,16866372.20891518
618,C4H10S-D3,"[7.12005571e+01 1.71836851e+02 3.62405976e+04 5.40000000e+01
 6.90967966e+00 4.10099728e+00 2.34115062e+00 1.90000000e+01
 3.83246629e-01 4.76489477e+00]",3.380331491435879,-1.0284376984336359,7283401.86,3.378105663786081,-1.0271390309310657,7290652.3181449305
619,C4H8O2S,"[1.31840221e+00 1.96683640e+02 7.04686048e+04 4.10000000e+01
 1.32416936e+00 3.93805443e+00 7.06739248e+00 1.10000000e+01
 1.91082651e+00 4.95405573e+00]",3.653920347857327,3.653812301219597,24052944.1,3.651421206005952,3.650433396294941,24043441.768711936
620,C16H34O-D1,"[8.44562517e-01 4.91743817e+02 8.57859307e+04 6.30000000e+01
 5.65028547e+00 5.39694063e+00 2.97747246e+00 1.20000000e+01
 1.80936974e+00 5.86614128e+00]",-0.40116225787936344,-0.406122305486483,35472373.4,-0.39961036815657525,-0.4054453316831611,35451463.04743321
621,C10H22O2,"[9.08104380e-01 3.07440267e+02 6.49012395e+04 5.70000000e+01
 8.02328953e+00 4.69083933e+00 4.48277897e+00 1.00000000e+01
 1.26403455e+00 3.96533974e+00]",0.48409872177033725,0.40625076153551876,27842683.0,0.48343481389056364,0.40605249180515535,27860219.799940843
622,C7H14-D3,"[8.84116608e-01 2.07710642e+02 3.43793600e+04 7.40000000e+01
 3.98971930e+00 5.23404514e+00 6.39785971e+00 1.60000000e+01
 4.72871135e-01 5.68970771e+00]",-0.33680327569908036,-1.6115403503907124,9731064.08,-0.33547000331336263,-1.6096591627933616,9734981.17945109
623,O3S,"[6.67296506e-01 1.61720861e+02 4.32789389e+04 5.10000000e+01
 4.82705367e+00 3.59392773e+00 1.89506761e+00 1.70000000e+01
 2.00020943e-01 4.54141457e+00]",-0.5239068723896849,-1.1865219402444562,4853655.46,-0.5226972954548403,-1.1851433564588514,4862562.68225595
624,C7H16O-D0,"[8.43915410e-01 3.01662549e+02 6.18385710e+04 4.20000000e+01
 9.75770347e+00 4.06531333e+00 3.12939104e+00 1.10000000e+01
 6.14749992e-01 3.50368456e+00]",0.368935455797786,0.35701347991115356,11725788.2,0.37604797840535886,0.35766718741562253,11589009.13274009
625,C8H16-D3,"[8.53785122e-01 2.35892903e+02 3.99523920e+04 6.90000000e+01
 8.35101520e+00 3.95403492e+00 3.59658706e+00 1.90000000e+01
 1.65204834e+00 5.96214601e+00]",-0.16908618132288028,-0.17803016069672348,11508296.2,-0.17080367841046606,-0.177654290444213,11510367.254006907
626,C7H14-E2,"[7.84616149e-01 1.76986933e+02 3.40446343e+04 5.60000000e+01
 6.31574051e+00 5.15253564e+00 1.54919071e+00 1.50000000e+01
 1.47677749e+00 3.91830326e+00]",-0.15019844014457923,-0.14322733069428273,5621120.77,-0.14889726352616472,-0.14281298923341063,5630031.848632013
627,C8H18O-D6,"[8.51732309e-01 2.86836178e+02 6.16384410e+04 5.80000000e+01
 9.28895069e+00 5.23648857e+00 6.10286743e+00 1.90000000e+01
 6.93328861e-01 5.51767726e+00]",0.24686048904403632,-0.29950042086391626,18594272.8,0.24661594845274326,-0.29895683860557076,18590637.08217227
628,C7H16-3,"[7.82672615e-01 2.20114775e+02 3.51047684e+04 5.40000000e+01
 4.02049409e+00 5.94631367e+00 6.99576057e+00 1.70000000e+01
 1.50870217e+00 4.90518199e+00]",-1.1515357436874725,-1.812349641659125,10337108.1,-1.148586626795815,-1.8102917863457284,10331347.74432183
629,C10H14O2-D2,"[1.17470153e+00 2.72112475e+02 7.82000000e+04 4.00000000e+01
 7.33329802e+00 5.92564277e+00 4.06362930e+00 1.10000000e+01
 1.46876782e+00 5.54282036e+00]",2.4437105197553195,2.3815108619744434,29613925.4,2.442420303505961,2.3794029874586236,29598867.637379564
630,C10H20O,"[1.05464181e+00 3.05575330e+02 5.93691678e+04 7.90000000e+01
 1.46501849e+00 4.76198900e+00 6.02917763e+00 1.90000000e+01
 5.22660101e-01 5.50000870e+00]",1.4551961783599363,0.06664629778058333,30514297.1,1.4550907768488928,0.06685118708583995,30504713.67480974
631,C10H22-E4,"[7.93683492e-01 2.91631418e+02 4.94343568e+04 7.20000000e+01
 3.25421109e+00 5.06218525e+00 5.00222188e+00 1.80000000e+01
 1.83095671e+00 3.53039193e+00]",-0.9763137110353246,-1.1925918498595929,15817997.4,-0.975240020344921,-1.1911645292814366,15823782.079634644
632,C2H4O3-D1,"[5.41920967e-01 2.19470603e+02 7.82609889e+04 4.20000000e+01
 5.93972799e+00 4.21908182e+00 3.14743620e+00 1.20000000e+01
 1.31832641e+00 4.33512491e+00]",0.2516425213607343,0.2516448620285605,8537159.53,0.2525423663103725,0.25166472577442484,8543157.496700458
633,C6H14-3,"[7.76950561e-01 1.94161509e+02 3.03262936e+04 5.50000000e+01
 9.50003724e+00 5.10433599e+00 5.70035404e+00 1.60000000e+01
 5.58185850e-01 4.54583466e+00]",-1.0065580802944785,-2.0253299246956455,8048335.56,-1.0021275656595383,-2.0230225434579214,8046615.962571194
634,C8H14-D3,"[8.86339843e-01 2.35703746e+02 4.39172699e+04 4.40000000e+01
 3.50067498e+00 4.19079777e+00 4.02413249e+00 2.00000000e+01
 3.21504584e-01 4.79675249e+00]",-0.1278737576364901,-0.6124020971662169,8764916.99,-0.12678579517337907,-0.6115646213867483,8779568.458977696
635,C7H14O2-D5,"[1.11071768e+00 2.69892433e+02 4.84008958e+04 7.90000000e+01
 2.01973154e+00 4.50900251e+00 6.16519489e+00 1.70000000e+01
 9.60911546e-01 4.36631042e+00]",1.49246366304196,0.15349592405484427,13571273.8,1.4912760978023105,0.15361319784575683,13572557.836701913
636,C3H6CL2O-D2,"[1.29699685e+00 1.92341758e+02 5.79481708e+04 5.00000000e+01
 2.84799645e+00 4.70759924e+00 2.87973629e+00 1.10000000e+01
 1.38216091e+00 5.92134333e+00]",1.6568410819564507,1.6550301707729609,8226984.94,1.6565232705435111,1.6536480511934064,8233291.770656316
637,C7H12O2-D2,"[1.16409674e+00 2.33120072e+02 4.48848903e+04 4.30000000e+01
 1.68025252e+00 5.87855805e+00 3.08103553e+00 9.00000000e+00
 1.27828026e+00 5.05912195e+00]",0.8719823340665719,0.551108805155404,6912258.41,0.872479490640085,0.5508295041183819,6919912.456956076
638,C6H18O3SI3,"[1.22987829e+00 2.98522629e+02 4.37231242e+04 5.00000000e+01
 1.13599616e+00 5.91253842e+00 2.75625132e+00 1.60000000e+01
 1.47193377e+00 5.02501854e+00]",1.1512905761647425,0.5462670878609214,8247079.66,1.1531372260367676,0.5459088035765316,8260084.447272452
639,C4H6CL2-E1,"[1.14000568e+00 1.91972513e+02 4.36940554e+04 5.00000000e+01
 5.05228822e+00 5.89395254e+00 3.79324722e+00 1.80000000e+01
 5.39373090e-01 5.18115125e+00]",0.9576068257095821,-0.12440348145378544,7210403.01,0.9575159714380157,-0.12400816360597833,7214453.310716401
640,C7H7BR,"[1.07393669e+00 1.39587862e+02 4.61294674e+04 6.40000000e+01
 2.31024644e+00 3.50000056e+00 4.16330286e+00 1.50000000e+01
 4.98619981e-01 3.50000530e+00]",0.6888253540978746,0.5113129963986719,8629179.0,0.689058090362344,0.5110968657162036,8632016.566957291
641,C7H7BR,"[1.07393669e+00 1.39587862e+02 4.61294674e+04 6.40000000e+01
 2.31024159e+00 3.50000110e+00 4.16333112e+00 1.50000000e+01
 4.98589446e-01 3.50000954e+00]",0.6888276053625492,0.5111203034222355,8628945.04,0.6890580903623498,0.5110968657106256,8632016.566956406
642,C2H6N2O-N1,"[1.70583767e+00 1.74843175e+02 9.56233870e+04 6.30000000e+01
 4.02382524e+00 5.05235273e+00 6.44732017e+00 8.00000000e+00
 5.51768039e-01 5.09299109e+00]",7.363029443672851,5.351206790278706,24406093.9,7.39145165839418,5.3554105473376445,24507259.735726155
643,C3H7NO,"[1.23540428e+00 1.43788141e+02 4.68904504e+04 6.10000000e+01
 2.21971184e+00 3.50000100e+00 4.89201257e+00 1.40000000e+01
 5.69154433e-01 3.68659250e+00]",2.8562690551498413,2.8322796121110447,7210798.12,2.960196148618567,2.833905818971386,7278547.155142243
644,C3H7NO,"[1.23540428e+00 1.43788141e+02 4.68904504e+04 5.80000000e+01
 5.16734226e+00 3.50000042e+00 7.26122338e+00 1.40000000e+01
 1.23702165e+00 4.83741980e+00]",5.493510061319391,5.493519130546792,11412089.8,5.485076269699761,5.483185110384524,11360506.410677666
645,C7H7NO3,"[2.77872244e+00 1.20674765e+02 7.36678364e+04 5.10000000e+01
 9.06523321e+00 4.40478124e+00 3.29958597e+00 1.80000000e+01
 1.33078593e+00 4.64644509e+00]",9.5103043848935,6.105479941993832,14920119.0,9.462313721749007,6.0861755176516485,14748063.220040292
646,C7H7NO3,"[2.77872244e+00 1.20674765e+02 7.36678364e+04 5.00000000e+01
 9.27630168e+00 4.17748876e+00 2.35434836e+00 1.60000000e+01
 1.32646528e+00 5.34771868e+00]",7.631706161249948,6.767953262026587,10937387.1,7.791702402755544,6.730088379825893,11013197.516104028
647,C3H8S2,"[4.56122435e+02 1.45973065e+02 3.98735003e+04 4.40000000e+01
 1.07487948e+00 4.58395698e+00 1.64837838e+00 1.70000000e+01
 1.84618759e+00 4.58505243e+00]",4.284659164377598,0.05906245133530212,5085192.83,4.281529913818411,0.05927470510183905,5094639.301179467
648,C6H14O-D6,"[8.34564191e-01 2.68423814e+02 4.84123785e+04 5.70000000e+01
 7.51103036e+00 3.52263540e+00 5.12617793e+00 1.50000000e+01
 1.34783884e+00 4.10505520e+00]",0.13484871985393088,0.12755145095370135,12026608.3,0.1369702072613752,0.12682826720945894,12043587.98525233
649,C8H18O-D6,"[8.51732309e-01 2.86836178e+02 6.16384410e+04 4.30000000e+01
 2.79343303e+00 5.69367512e+00 6.17106206e+00 8.00000000e+00
 6.47077269e-01 4.03601621e+00]",0.04455826284518145,-0.8424801594811885,14380488.5,0.045415866077928246,-0.8413682461957946,14382882.231378991
650,C9H20-D1,"[7.90736044e-01 2.67005667e+02 4.48292590e+04 5.00000000e+01
 1.56273666e+00 4.64735129e+00 6.12913432e+00 1.50000000e+01
 1.41116900e+00 3.70287295e+00]",-0.9673273121115724,-1.3425336896415774,13131452.0,-0.9652099977993267,-1.3409212399300086,13132859.279430108
651,C9H20O4-D1,"[1.02759088e+00 2.88513694e+02 7.08636577e+04 7.40000000e+01
 8.24581287e+00 5.55745951e+00 7.52897356e+00 1.50000000e+01
 5.60507632e-01 5.04195902e+00]",1.843590335448006,0.35354859236146047,44633410.8,1.84289971508755,0.3534666541789203,44603348.56191872
652,C9H20-9,"[7.89789996e-01 2.67317355e+02 4.15181239e+04 7.00000000e+01
 5.69304122e+00 3.67114680e+00 3.59779057e+00 1.90000000e+01
 1.25200804e+00 4.84582986e+00]",-0.6728045046641192,-0.6790836952312024,11861948.6,-0.6712135710102762,-0.6781340327268446,11864627.118999349
653,C16H34O,"[8.78228217e-01 5.41663654e+02 1.06412679e+05 5.50000000e+01
 9.05811480e+00 5.16615762e+00 6.51170919e+00 1.30000000e+01
 1.33444500e+00 4.12095902e+00]",0.07178095310576754,-0.24058826567937724,80735218.4,0.07286037208831075,-0.24007666054719135,80669090.42006059
654,C4H8CL2-D1,"[1.22837067e+00 1.72797431e+02 4.01204221e+04 5.70000000e+01
 4.98290963e+00 5.12330581e+00 7.55396435e+00 8.00000000e+00
 1.68453783e+00 4.23095778e+00]",1.9981137354189558,0.06762395457836877,11346897.8,1.997267375347893,0.06782765539461294,11350088.220702766
655,C6H12O3-D1,"[1.29824706e+00 2.40704376e+02 5.20141162e+04 4.00000000e+01
 3.70941470e+00 4.75657811e+00 1.39323254e+00 1.40000000e+01
 1.86879913e+00 3.76348305e+00]",0.9886716777068516,0.9886778050516354,6050371.85,0.9888253800250755,0.987961372151123,6058907.180282326
656,C3H6O3,"[1.16084754e+00 1.73880656e+02 6.51364304e+04 5.60000000e+01
 6.89656343e+00 4.15059149e+00 2.11644584e+00 1.00000000e+01
 3.26885502e-01 3.96411676e+00]",1.5637373399352064,1.5637376333469004,9302114.48,1.5633262929969154,1.5624467151034356,9307348.24223841
657,C3H7NO,"[1.23540428e+00 1.43788141e+02 4.68904504e+04 5.70000000e+01
 6.31257135e+00 3.50000013e+00 5.44328293e+00 1.30000000e+01
 1.04201498e+00 3.92876407e+00]",5.029895775098143,5.029905225482636,9905435.05,5.0691908063384545,5.022812342157035,9982590.728094917
658,C3H7NO,"[1.23540428e+00 1.43788141e+02 4.68904504e+04 5.80000000e+01
 5.89761485e+00 3.50401838e+00 7.03213402e+00 1.20000000e+01
 1.39643716e+00 3.88273894e+00]",5.579674423222644,5.579633307741308,11286642.9,5.549337678924722,5.570750467836008,11259979.205683708
659,C6H10O3-D2,"[1.36740566e+00 2.07492977e+02 5.18912109e+04 7.60000000e+01
 8.32713117e+00 5.21283577e+00 1.77302304e+00 1.10000000e+01
 7.57652376e-01 4.12489237e+00]",2.67965759205949,2.6604719096337504,7778889.72,2.678156276073759,2.6580853527526385,7785622.312892326
660,C6H3CL2NO2,"[3.06449386e+00 2.29446273e+02 6.92166591e+04 6.00000000e+01
 2.74476761e+00 5.64704193e+00 5.73858548e+00 1.80000000e+01
 1.74577570e+00 5.37088963e+00]",13.22550233229469,1.8261524763977146,27924173.5,13.213441169969462,1.8245994054638892,27910803.806706335
661,C10H14-E10,"[1.01549581e+00 2.32203526e+02 5.03747032e+04 6.50000000e+01
 2.44328866e+00 5.18411354e+00 2.25477279e+00 1.70000000e+01
 6.13276689e-01 3.79387825e+00]",0.34744353975543735,0.26574096988246054,8179496.24,0.3482597423667161,0.26570165195052264,8250624.36625213
662,C3H9N-2,"[9.24016588e-01 1.66169809e+02 2.84353030e+04 4.00000000e+01
 7.46865656e+00 5.33100262e+00 4.60453345e+00 1.00000000e+01
 3.50397808e-01 3.54782242e+00]",-0.4922465027329867,-1.5360251645046998,4628496.98,-0.4907251905104484,-1.5342194166164442,4638340.119357616
663,C3H9N-1,"[9.67469885e-01 1.44622785e+02 3.09221322e+04 7.60000000e+01
 3.17383158e+00 4.38567832e+00 1.73741839e+00 1.00000000e+01
 1.13460423e+00 5.01938171e+00]",0.06276618999722898,-0.06976277995911503,4091448.82,0.06385444093542869,-0.06942182965781851,4101888.020057872
664,C8H18S-D3,"[9.81145537e+00 2.60243752e+02 5.15231768e+04 5.70000000e+01
 5.86814503e+00 5.24107452e+00 5.91502267e+00 1.00000000e+01
 1.10020295e+00 4.52989524e+00]",3.693434434225861,-0.5111505308305547,26711860.2,3.69090645616613,-0.5103686337251909,26699723.805185027
665,C10H16O4-D1,"[1.18900084e+00 3.35197174e+02 7.72225153e+04 6.50000000e+01
 5.79253660e+00 3.78848661e+00 5.23946523e+00 9.00000000e+00
 8.06971836e-01 3.85710491e+00]",2.872235378547731,2.684314914890891,35129009.7,2.870517140761601,2.6819045388237064,35108442.368112534
666,C9H23NO3SI,"[1.11063981e+00 2.95833323e+02 5.56558744e+04 4.20000000e+01
 5.26829519e+00 4.90169574e+00 5.39898520e+00 1.60000000e+01
 6.55890290e-01 3.52494694e+00]",1.3776307452969287,0.04945029039806388,26619035.2,1.3775191254176289,0.04971139885553072,26598673.529181592
667,C5H6O3,"[1.55427460e+00 1.88941668e+02 7.28778131e+04 4.70000000e+01
 8.69476618e+00 5.70639969e+00 4.26416829e+00 8.00000000e+00
 8.98086962e-01 5.50884415e+00]",4.154278904467549,4.068890762447754,17521458.0,4.151279903918263,4.065097193725667,17518480.629850797
668,C7H12O2-D6,"[1.15758564e+00 2.21983444e+02 3.99434929e+04 4.80000000e+01
 1.60276251e+00 5.69337613e+00 3.72583457e+00 1.50000000e+01
 1.94251846e+00 3.66641182e+00]",0.9286489284788759,0.4222186029986138,7191698.23,0.9277274034015103,0.42206665726322057,7202120.53697309
669,C3H7NO,"[1.23540428e+00 1.43788141e+02 4.68904504e+04 5.80000000e+01
 5.78859882e+00 3.50484319e+00 6.32696556e+00 1.30000000e+01
 1.41945240e+00 4.46050604e+00]",5.345221495600731,5.345232287721329,10846233.1,5.331529575160143,5.377217636631747,10776409.557947591
670,C6H18O3SI3,"[1.22987829e+00 2.98522629e+02 4.37231242e+04 4.30000000e+01
 4.37922036e+00 5.50953636e+00 4.03430563e+00 2.00000000e+01
 1.20630671e+00 4.30290538e+00]",1.5715635397643548,0.07226065462317177,11483008.9,1.5694961098767566,0.07256003525761501,11475066.098130815
671,C12H26O-2,"[8.70087208e-01 4.47148774e+02 9.26896790e+04 5.40000000e+01
 4.35279946e+00 3.67178419e+00 3.58701940e+00 1.40000000e+01
 1.50092795e+00 5.14182371e+00]",0.07314214639184456,0.07290412136349425,33582671.3,0.07422020554093489,0.07310254728784518,33563648.76171893
672,C7H10,"[9.00044528e-01 1.50713698e+02 3.35047455e+04 4.00000000e+01
 2.95900660e+00 5.15421072e+00 4.38792558e+00 8.00000000e+00
 1.64809036e+00 5.43202393e+00]",-0.08336937436825625,-0.24680000913056846,6227955.38,-0.08279811632146594,-0.2463149165788907,6232791.090406478
673,C6H13I,"[1.35039209e+00 2.11936347e+02 4.85920075e+04 4.20000000e+01
 7.89863545e+00 4.95928397e+00 6.47371984e+00 1.70000000e+01
 1.64540373e+00 4.79502017e+00]",2.112404569966178,0.8701646928556459,18758044.6,2.1070976427514374,0.8696173950175314,18719990.558905266
674,C10H18-1,"[8.00896760e-01 2.20063412e+02 5.03878240e+04 6.70000000e+01
 6.58426407e+00 5.35563297e+00 2.18916704e+00 1.00000000e+01
 1.80273713e+00 5.37494450e+00]",-0.2669097525534398,-0.267415665744783,11117386.5,-0.2652393885167592,-0.2668772279665159,11116734.56530791
675,C2H4O2-D1,"[1.51142714e+00 1.59319390e+02 6.28479979e+04 7.10000000e+01
 6.37439775e+00 5.13533184e+00 7.22389547e+00 1.50000000e+01
 1.33830438e+00 3.89119179e+00]",7.33094145048378,7.33094145048378,9901449.07,7.301220851146451,7.325210142280105,9885743.95747421
676,C3H6S,"[1.23484366e+02 1.17436092e+02 3.59627227e+04 6.90000000e+01
 3.43848428e+00 4.00563545e+00 3.19678766e+00 1.10000000e+01
 5.86842747e-01 4.56212711e+00]",3.7839528839953323,-1.24289994349709,5565833.56,3.7776023440788453,-1.2431257265547533,5582516.635970445
677,C14H30O-D1,"[8.74961926e-01 4.68341778e+02 9.59743529e+04 6.00000000e+01
 2.69128343e+00 3.69242917e+00 5.87309302e+00 1.20000000e+01
 1.67929570e+00 5.14877692e+00]",-0.04469963321524063,-0.06468118889110414,55573071.4,-0.04386094423503417,-0.06437993677615789,55560966.60127762
678,C7H14O-D4,"[8.36944749e-01 2.51453890e+02 5.98612191e+04 5.10000000e+01
 7.23123030e+00 4.16015496e+00 7.57347936e+00 1.60000000e+01
 7.84121240e-01 4.17377966e+00]",0.14695031211313578,-0.21835711363678542,17785936.4,0.14795463683093635,-0.217867717447699,17782694.81566498
679,C10H20O2-D2,"[1.04148090e+00 3.40594826e+02 5.87066746e+04 4.70000000e+01
 1.79546452e+00 5.24737207e+00 3.57843050e+00 1.30000000e+01
 2.56068367e-01 4.14894112e+00]",0.6502758182775151,-0.25201398092570987,12671453.4,0.6513506864580894,-0.25133729952973294,12680188.545504522
680,C2H4O2-D1,"[1.51142714e+00 1.59319390e+02 6.28479979e+04 7.10000000e+01
 6.76407864e+00 5.07093467e+00 6.08682237e+00 1.80000000e+01
 4.03998232e-01 5.30578017e+00]",6.82536284755214,6.825320394518747,9096526.73,6.791420274711889,6.820615305487254,9099039.564895233
